NOMBRE : Instancia real grande
COMENTARIO : caso real 
VERTICES : 204 
ARISTAS_REQ : 293
ARISTAS_NOREQ : 0 
RESTRICCIONES : 0 
NODOS_INICIALES : 1 
NODOS_TERMINO : 1 
LISTA_ARISTAS_REQ : 
uni 31492 31752 133.29 1
uni 31752 31766 160.82 1
uni 31766 31794 152.93 1
uni 31773 31492 148.80 1
uni 31793 31773 222.89 1
uni 31794 31809 222.89 1
uni 31809 31826 222.89 1
uni 31818 31793 68.31 1
uni 31826 31818 37.73 1
uni 31829 31818 115.75 1
uni 31849 31829 190.38 1
uni 31871 31849 31.96 1
uni 31886 31837 42.63 1
uni 48797 31871 30.12 1
uni 31818 31995 222.89 1
uni 31905 31892 44.08 1
uni 31947 31886 16.50 1
uni 31951 31905 222.89 1
uni 31965 31951 222.89 1
uni 31837 31972 180.50 1
uni 31983 31965 86.50 1
uni 31972 31983 165.97 1
uni 31991 31837 222.89 1
uni 31995 32005 127.29 1
uni 32004 31991 198.55 1
uni 32005 32004 62.44 1
uni 32006 31947 144.99 1
uni 32057 32006 222.89 1
uni 32144 32057 183.17 1
uni 31837 32165 185.47 1
uni 32211 32144 222.89 1
uni 32165 32253 167.87 1
uni 32288 32211 153.97 1
uni 32353 32288 174.18 1
uni 32518 32353 172.83 1
uni 32253 32518 132.95 1
uni 32619 32518 222.89 1
uni 32709 32619 140.24 1
uni 32518 32733 89.64 1
uni 32815 32735 180.35 1
uni 32885 32709 85.78 1
uni 32733 32885 222.89 1
uni 32887 32815 86.13 1
uni 32887 47103 121.94 1
bi 32735 47103 76.95 1
uni 31892 48797 200.37 1
bi 31833 31492 134.78 1
bi 31840 31794 222.89 1
bi 31850 31818 222.89 1
bi 31840 31850 190.82 1
bi 31853 31752 44.26 1
bi 31833 31853 140.84 1
bi 31902 31840 41.48 1
bi 31913 31850 222.89 1
bi 31902 31913 222.89 1
bi 31920 51511 187.26 1
bi 31930 31995 5.50 1
bi 31913 31930 98.47 1
bi 31931 31853 42.68 1
bi 31920 31931 222.89 1
bi 31936 31920 200.15 1
bi 31937 31766 222.89 1
bi 31931 31937 11.11 1
bi 31941 31902 157.62 1
bi 31937 31941 121.52 1
bi 31973 31941 35.59 1
bi 31973 31982 222.89 1
bi 31981 31913 222.89 1
bi 31982 31981 137.83 1
bi 31984 31833 222.89 1
bi 31994 31930 222.89 1
bi 31981 31994 222.89 1
bi 32011 31931 222.89 1
bi 31984 32011 151.61 1
bi 32035 31973 182.97 1
bi 32041 31982 102.74 1
bi 32035 32041 222.89 1
bi 32044 31981 170.46 1
bi 32041 32044 178.34 1
bi 32046 31994 132.08 1
bi 32044 32046 35.71 1
bi 32068 32011 222.89 1
bi 32072 31937 222.89 1
bi 32068 32072 130.06 1
bi 32086 32035 222.89 1
bi 32072 32086 222.89 1
bi 32095 32041 10.18 1
bi 32086 32095 123.07 1
bi 32101 32044 222.89 1
bi 32095 32101 222.89 1
bi 32106 32005 52.65 1
bi 32107 32046 222.89 1
bi 32101 32107 82.04 1
bi 32119 32004 131.45 1
bi 32106 32119 151.33 1
bi 32125 31984 165.07 1
bi 32136 31991 89.72 1
bi 32119 32136 222.89 1
bi 32138 32068 222.89 1
bi 32139 32138 41.28 1
bi 32148 51522 75.50 1
bi 32136 32148 80.00 1
bi 32148 32165 222.89 1
bi 32166 32086 101.33 1
bi 32173 32095 222.89 1
bi 32166 32173 84.43 1
bi 32177 32101 144.93 1
bi 32173 32177 189.31 1
bi 32188 32107 50.87 1
bi 32177 32188 222.89 1
bi 32199 32106 222.89 1
bi 32216 32256 203.22 1
bi 32217 32139 83.01 1
bi 32226 32138 169.31 1
bi 32217 32226 222.89 1
bi 32240 32072 189.05 1
bi 32243 32166 222.89 1
bi 32240 32243 222.89 1
bi 32243 32248 201.61 1
bi 32247 32173 49.63 1
bi 32248 32247 222.89 1
bi 32199 32253 222.89 1
bi 32255 32199 133.10 1
bi 32256 32255 222.89 1
bi 32263 32177 169.60 1
bi 32247 32263 169.52 1
bi 32263 32271 222.89 1
bi 32270 32188 68.26 1
bi 32271 32270 222.89 1
bi 32303 32217 73.30 1
bi 32304 51531 209.75 1
bi 32303 32304 46.34 1
bi 32308 51533 124.59 1
bi 32311 32226 59.62 1
bi 32308 32311 197.25 1
bi 32314 32304 222.89 1
bi 32317 32308 40.64 1
bi 32323 32248 78.37 1
bi 32332 32263 125.37 1
bi 32323 32332 222.89 1
bi 32341 32271 222.89 1
bi 32332 32341 157.43 1
bi 32344 32270 95.06 1
bi 32341 32344 222.89 1
bi 32393 32303 222.89 1
bi 32405 32311 86.15 1
bi 32393 32405 222.89 1
bi 32408 32240 79.05 1
bi 32405 32408 93.64 1
bi 32409 32243 222.89 1
bi 32408 32409 176.27 1
bi 32413 32323 87.12 1
bi 32409 32413 222.89 1
bi 32413 32421 173.17 1
bi 32420 32332 222.89 1
bi 32421 32420 222.89 1
bi 32420 32425 145.89 1
bi 32424 32341 105.88 1
bi 32425 32424 162.85 1
bi 32430 32344 222.89 1
bi 32424 32430 222.89 1
bi 32434 32256 10.87 1
bi 32430 32434 87.77 1
bi 32440 51539 222.89 1
bi 32434 32440 115.28 1
bi 32449 51540 149.81 1
bi 32440 32449 222.89 1
bi 32460 32255 53.72 1
bi 32449 32460 174.33 1
bi 32460 32490 123.70 1
bi 32475 32393 222.89 1
bi 32481 51542 32.12 1
bi 32475 32481 90.37 1
bi 32482 51543 222.89 1
bi 32485 32405 37.79 1
bi 32482 32485 182.36 1
bi 32490 32501 96.83 1
bi 32494 32481 127.27 1
bi 32496 32482 114.03 1
bi 32497 32421 222.89 1
bi 32501 32519 163.46 1
bi 32506 32420 167.87 1
bi 32497 32506 11.23 1
bi 32513 32424 222.89 1
bi 32517 32430 58.19 1
bi 32513 32517 220.46 1
bi 32519 32518 222.89 1
bi 32554 32475 126.96 1
bi 32554 32560 128.90 1
bi 32559 32485 116.56 1
bi 32560 32559 222.89 1
bi 32562 32408 170.02 1
bi 32559 32562 132.97 1
bi 32565 32409 75.70 1
bi 32562 32565 139.98 1
bi 32569 32413 70.44 1
bi 32565 32569 222.89 1
bi 32574 32497 194.22 1
bi 32569 32574 187.00 1
bi 32583 32506 222.89 1
bi 32574 32583 202.07 1
bi 32585 32425 115.63 1
bi 32583 32585 105.21 1
bi 32591 32513 140.55 1
bi 32585 32591 101.82 1
bi 32603 32517 202.87 1
bi 32591 32603 172.01 1
bi 32657 32490 222.89 1
bi 32658 32657 60.51 1
bi 32657 51553 122.71 1
bi 32660 32565 222.89 1
bi 32668 32574 125.52 1
bi 32660 32668 222.89 1
bi 32672 32583 79.04 1
bi 32668 32672 222.89 1
bi 32673 32434 187.02 1
bi 32676 32519 83.03 1
bi 32677 32676 222.89 1
bi 32678 32591 92.57 1
bi 32672 32678 222.89 1
bi 32676 51556 73.45 1
bi 32684 32603 222.89 1
bi 32678 32684 222.89 1
bi 32700 32460 222.89 1
bi 32673 32700 222.89 1
bi 32700 32719 190.20 1
bi 32718 32501 201.99 1
bi 32719 32718 202.96 1
bi 32718 32734 90.55 1
bi 32722 32562 222.89 1
bi 32724 32660 222.89 1
bi 32722 32724 32.26 1
bi 32729 32722 222.89 1
bi 32729 32559 222.89 1
bi 32734 32733 222.89 1
bi 32735 32554 222.89 1
bi 32739 32668 139.64 1
bi 32724 32739 222.89 1
bi 32740 32560 134.76 1
bi 32735 32740 43.50 1
bi 32740 32729 107.87 1
bi 32742 32672 210.92 1
bi 32739 32742 12.83 1
bi 32746 32678 222.89 1
bi 32742 32746 103.14 1
bi 32751 32684 70.98 1
bi 32746 32751 222.89 1
bi 32763 32722 222.89 1
bi 32769 32739 108.28 1
bi 32773 51563 222.89 1
bi 32776 32700 192.41 1
bi 32777 32776 46.05 1
bi 32794 51566 196.24 1
bi 32811 51567 158.60 1
bi 32811 32729 222.89 1
bi 32812 51563 222.89 1
bi 32819 32742 48.69 1
bi 32812 32819 212.46 1
bi 32815 32811 133.73 1
bi 32823 51566 222.89 1
bi 32826 32751 222.89 1
bi 32823 32826 154.50 1
bi 32850 32773 222.89 1
bi 32852 32812 222.89 1
bi 32850 32852 20.70 1
bi 32858 32794 222.89 1
bi 32860 32823 133.30 1
bi 32858 32860 222.89 1
bi 32892 32811 222.89 1
bi 32887 32892 222.89 1
bi 32895 51567 222.89 1
bi 32892 32895 75.29 1
bi 32896 32885 54.98 1
bi 32896 32734 70.28 1
bi 32897 32724 162.88 1
bi 32895 32897 95.60 1
bi 32901 32852 135.89 1
bi 32897 32901 15.62 1
bi 32902 32896 132.83 1
bi 32902 32719 69.59 1
bi 32910 32819 222.89 1
bi 32901 32910 109.84 1
bi 32912 32902 51.90 1
bi 32912 32776 43.54 1
bi 32913 32860 141.13 1
bi 32910 32913 221.46 1
bi 32917 32826 19.50 1
bi 32913 32917 122.65 1
bi 32917 32912 157.62 1
bi 32440 52814 222.89 1
bi 32125 32139 125.74 1
bi 31995 48797 162.58 1
bi 48797 31995 56.02 1
LISTA_ARISTAS_NOREQ :
CORDENADAS_NODOS :
1 1
1 1
1 1
1 1
1 1
1 1
1 1
1 1
1 1
1 1
1 1
1 1
1 1
1 1
1 1
1 1
1 1
1 1
1 1
1 1
1 1
1 1
1 1
1 1
1 1
1 1
1 1
1 1
1 1
1 1
1 1
1 1
1 1
1 1
1 1
1 1
1 1
1 1
1 1
1 1
1 1
1 1
1 1
1 1
1 1
1 1
1 1
1 1
1 1
1 1
1 1
1 1
1 1
1 1
1 1
1 1
1 1
1 1
1 1
1 1
1 1
1 1
1 1
1 1
1 1
1 1
1 1
1 1
1 1
1 1
1 1
1 1
1 1
1 1
1 1
1 1
1 1
1 1
1 1
1 1
1 1
1 1
1 1
1 1
1 1
1 1
1 1
1 1
1 1
1 1
1 1
1 1
1 1
1 1
1 1
1 1
1 1
1 1
1 1
1 1
1 1
1 1
1 1
1 1
1 1
1 1
1 1
1 1
1 1
1 1
1 1
1 1
1 1
1 1
1 1
1 1
1 1
1 1
1 1
1 1
1 1
1 1
1 1
1 1
1 1
1 1
1 1
1 1
1 1
1 1
1 1
1 1
1 1
1 1
1 1
1 1
1 1
1 1
1 1
1 1
1 1
1 1
1 1
1 1
1 1
1 1
1 1
1 1
1 1
1 1
1 1
1 1
1 1
1 1
1 1
1 1
1 1
1 1
1 1
1 1
1 1
1 1
1 1
1 1
1 1
1 1
1 1
1 1
1 1
1 1
1 1
1 1
1 1
1 1
1 1
1 1
1 1
1 1
1 1
1 1
1 1
1 1
1 1
1 1
1 1
1 1
1 1
1 1
1 1
1 1
1 1
1 1
1 1
1 1
1 1
1 1
1 1
1 1
1 1
1 1
1 1
1 1
1 1
1 1
RESTRICCIONES :
NODOS_INICIALES:
31837
NODOS_TERMINO:
31492