NOMBRE : Instancia real grande
COMENTARIO : caso real 
VERTICES : 204 
ARISTAS_REQ : 293
ARISTAS_NOREQ : 0 
RESTRICCIONES : 0 
NODOS_INICIALES : 1 
NODOS_TERMINO : 1 
LISTA_ARISTAS_REQ : 
uni 31492 31752 222.89 1
uni 31752 31766 117.67 1
uni 31766 31794 49.37 1
uni 31773 31492 137.88 1
uni 31793 31773 222.89 1
uni 31794 31809 213.26 1
uni 31809 31826 222.89 1
uni 31818 31793 222.89 1
uni 31826 31818 222.89 1
uni 31829 31818 180.94 1
uni 31849 31829 53.38 1
uni 31871 31849 61.95 1
uni 31886 31837 205.26 1
uni 48797 31871 144.51 1
uni 31818 31995 222.89 1
uni 31905 31892 222.89 1
uni 31947 31886 222.89 1
uni 31951 31905 83.95 1
uni 31965 31951 96.89 1
uni 31837 31972 99.08 1
uni 31983 31965 198.59 1
uni 31972 31983 222.89 1
uni 31991 31837 222.89 1
uni 31995 32005 111.82 1
uni 32004 31991 222.89 1
uni 32005 32004 46.42 1
uni 32006 31947 186.81 1
uni 32057 32006 222.89 1
uni 32144 32057 107.60 1
uni 31837 32165 88.41 1
uni 32211 32144 70.86 1
uni 32165 32253 222.89 1
uni 32288 32211 46.47 1
uni 32353 32288 222.89 1
uni 32518 32353 222.89 1
uni 32253 32518 222.89 1
uni 32619 32518 134.99 1
uni 32709 32619 222.89 1
uni 32518 32733 70.57 1
uni 32815 32735 222.89 1
uni 32885 32709 222.89 1
uni 32733 32885 222.89 1
uni 32887 32815 222.89 1
uni 32887 47103 222.89 1
bi 32735 47103 65.44 1
uni 31892 48797 207.10 1
bi 31833 31492 222.89 1
bi 31840 31794 222.89 1
bi 31850 31818 187.51 1
bi 31840 31850 28.99 1
bi 31853 31752 222.89 1
bi 31833 31853 222.89 1
bi 31902 31840 222.89 1
bi 31913 31850 168.99 1
bi 31902 31913 36.46 1
bi 31920 51511 222.89 1
bi 31930 31995 222.89 1
bi 31913 31930 95.48 1
bi 31931 31853 151.04 1
bi 31920 31931 222.89 1
bi 31936 31920 222.89 1
bi 31937 31766 88.37 1
bi 31931 31937 222.89 1
bi 31941 31902 121.91 1
bi 31937 31941 164.67 1
bi 31973 31941 222.89 1
bi 31973 31982 222.89 1
bi 31981 31913 222.89 1
bi 31982 31981 108.71 1
bi 31984 31833 109.10 1
bi 31994 31930 126.15 1
bi 31981 31994 37.39 1
bi 32011 31931 175.96 1
bi 31984 32011 222.89 1
bi 32035 31973 54.78 1
bi 32041 31982 63.43 1
bi 32035 32041 222.89 1
bi 32044 31981 51.84 1
bi 32041 32044 135.93 1
bi 32046 31994 72.82 1
bi 32044 32046 110.73 1
bi 32068 32011 222.89 1
bi 32072 31937 222.89 1
bi 32068 32072 222.89 1
bi 32086 32035 222.89 1
bi 32072 32086 222.89 1
bi 32095 32041 110.16 1
bi 32086 32095 98.65 1
bi 32101 32044 222.89 1
bi 32095 32101 222.89 1
bi 32106 32005 204.40 1
bi 32107 32046 134.68 1
bi 32101 32107 41.15 1
bi 32119 32004 40.30 1
bi 32106 32119 146.70 1
bi 32125 31984 172.25 1
bi 32136 31991 114.92 1
bi 32119 32136 90.58 1
bi 32138 32068 187.12 1
bi 32139 32138 163.41 1
bi 32148 51522 181.13 1
bi 32136 32148 128.16 1
bi 32148 32165 161.99 1
bi 32166 32086 222.89 1
bi 32173 32095 222.89 1
bi 32166 32173 222.89 1
bi 32177 32101 97.93 1
bi 32173 32177 136.92 1
bi 32188 32107 222.89 1
bi 32177 32188 222.89 1
bi 32199 32106 222.89 1
bi 32216 32256 96.63 1
bi 32217 32139 168.51 1
bi 32226 32138 222.89 1
bi 32217 32226 222.89 1
bi 32240 32072 222.89 1
bi 32243 32166 222.89 1
bi 32240 32243 222.89 1
bi 32243 32248 35.23 1
bi 32247 32173 222.89 1
bi 32248 32247 158.68 1
bi 32199 32253 204.31 1
bi 32255 32199 222.89 1
bi 32256 32255 199.34 1
bi 32263 32177 120.89 1
bi 32247 32263 24.57 1
bi 32263 32271 222.89 1
bi 32270 32188 74.23 1
bi 32271 32270 41.16 1
bi 32303 32217 222.89 1
bi 32304 51531 49.20 1
bi 32303 32304 53.89 1
bi 32308 51533 98.08 1
bi 32311 32226 67.71 1
bi 32308 32311 126.41 1
bi 32314 32304 77.83 1
bi 32317 32308 222.89 1
bi 32323 32248 222.89 1
bi 32332 32263 35.34 1
bi 32323 32332 197.92 1
bi 32341 32271 44.04 1
bi 32332 32341 63.81 1
bi 32344 32270 222.89 1
bi 32341 32344 191.38 1
bi 32393 32303 222.89 1
bi 32405 32311 222.89 1
bi 32393 32405 122.80 1
bi 32408 32240 56.42 1
bi 32405 32408 222.89 1
bi 32409 32243 186.20 1
bi 32408 32409 222.89 1
bi 32413 32323 222.89 1
bi 32409 32413 222.89 1
bi 32413 32421 207.35 1
bi 32420 32332 58.50 1
bi 32421 32420 27.57 1
bi 32420 32425 213.79 1
bi 32424 32341 222.89 1
bi 32425 32424 36.43 1
bi 32430 32344 14.44 1
bi 32424 32430 222.89 1
bi 32434 32256 222.89 1
bi 32430 32434 222.89 1
bi 32440 51539 192.87 1
bi 32434 32440 52.88 1
bi 32449 51540 222.89 1
bi 32440 32449 26.96 1
bi 32460 32255 145.26 1
bi 32449 32460 222.89 1
bi 32460 32490 125.88 1
bi 32475 32393 222.89 1
bi 32481 51542 30.74 1
bi 32475 32481 185.55 1
bi 32482 51543 46.57 1
bi 32485 32405 222.89 1
bi 32482 32485 222.89 1
bi 32490 32501 203.31 1
bi 32494 32481 222.89 1
bi 32496 32482 222.89 1
bi 32497 32421 51.95 1
bi 32501 32519 222.89 1
bi 32506 32420 222.89 1
bi 32497 32506 89.53 1
bi 32513 32424 222.89 1
bi 32517 32430 170.94 1
bi 32513 32517 109.72 1
bi 32519 32518 205.01 1
bi 32554 32475 115.50 1
bi 32554 32560 222.89 1
bi 32559 32485 206.19 1
bi 32560 32559 222.89 1
bi 32562 32408 108.59 1
bi 32559 32562 222.89 1
bi 32565 32409 112.40 1
bi 32562 32565 222.89 1
bi 32569 32413 127.48 1
bi 32565 32569 222.89 1
bi 32574 32497 222.89 1
bi 32569 32574 222.89 1
bi 32583 32506 222.89 1
bi 32574 32583 222.89 1
bi 32585 32425 66.45 1
bi 32583 32585 85.27 1
bi 32591 32513 222.89 1
bi 32585 32591 82.24 1
bi 32603 32517 121.94 1
bi 32591 32603 162.67 1
bi 32657 32490 222.89 1
bi 32658 32657 58.40 1
bi 32657 51553 117.75 1
bi 32660 32565 164.87 1
bi 32668 32574 116.40 1
bi 32660 32668 222.89 1
bi 32672 32583 222.89 1
bi 32668 32672 186.25 1
bi 32673 32434 222.89 1
bi 32676 32519 222.89 1
bi 32677 32676 222.89 1
bi 32678 32591 22.98 1
bi 32672 32678 174.33 1
bi 32676 51556 222.89 1
bi 32684 32603 222.89 1
bi 32678 32684 91.80 1
bi 32700 32460 222.89 1
bi 32673 32700 222.89 1
bi 32700 32719 80.91 1
bi 32718 32501 222.89 1
bi 32719 32718 208.72 1
bi 32718 32734 55.84 1
bi 32722 32562 162.13 1
bi 32724 32660 222.89 1
bi 32722 32724 222.89 1
bi 32729 32722 94.68 1
bi 32729 32559 222.89 1
bi 32734 32733 222.89 1
bi 32735 32554 60.69 1
bi 32739 32668 78.76 1
bi 32724 32739 222.89 1
bi 32740 32560 222.89 1
bi 32735 32740 222.89 1
bi 32740 32729 196.66 1
bi 32742 32672 222.89 1
bi 32739 32742 133.68 1
bi 32746 32678 157.65 1
bi 32742 32746 84.33 1
bi 32751 32684 189.60 1
bi 32746 32751 8.69 1
bi 32763 32722 175.72 1
bi 32769 32739 163.68 1
bi 32773 51563 82.68 1
bi 32776 32700 150.12 1
bi 32777 32776 62.73 1
bi 32794 51566 222.89 1
bi 32811 51567 222.89 1
bi 32811 32729 222.89 1
bi 32812 51563 145.95 1
bi 32819 32742 122.97 1
bi 32812 32819 222.89 1
bi 32815 32811 222.89 1
bi 32823 51566 55.17 1
bi 32826 32751 222.89 1
bi 32823 32826 222.89 1
bi 32850 32773 222.89 1
bi 32852 32812 119.13 1
bi 32850 32852 45.49 1
bi 32858 32794 222.89 1
bi 32860 32823 90.60 1
bi 32858 32860 222.89 1
bi 32892 32811 222.89 1
bi 32887 32892 222.89 1
bi 32895 51567 138.35 1
bi 32892 32895 222.89 1
bi 32896 32885 30.66 1
bi 32896 32734 35.40 1
bi 32897 32724 222.89 1
bi 32895 32897 172.80 1
bi 32901 32852 126.27 1
bi 32897 32901 222.89 1
bi 32902 32896 222.89 1
bi 32902 32719 222.89 1
bi 32910 32819 222.89 1
bi 32901 32910 187.83 1
bi 32912 32902 215.59 1
bi 32912 32776 112.39 1
bi 32913 32860 156.62 1
bi 32910 32913 87.14 1
bi 32917 32826 140.80 1
bi 32913 32917 104.77 1
bi 32917 32912 54.44 1
bi 32440 52814 222.89 1
bi 32125 32139 198.72 1
bi 31995 48797 222.89 1
bi 48797 31995 222.89 1
LISTA_ARISTAS_NOREQ :
CORDENADAS_NODOS :
1 1
1 1
1 1
1 1
1 1
1 1
1 1
1 1
1 1
1 1
1 1
1 1
1 1
1 1
1 1
1 1
1 1
1 1
1 1
1 1
1 1
1 1
1 1
1 1
1 1
1 1
1 1
1 1
1 1
1 1
1 1
1 1
1 1
1 1
1 1
1 1
1 1
1 1
1 1
1 1
1 1
1 1
1 1
1 1
1 1
1 1
1 1
1 1
1 1
1 1
1 1
1 1
1 1
1 1
1 1
1 1
1 1
1 1
1 1
1 1
1 1
1 1
1 1
1 1
1 1
1 1
1 1
1 1
1 1
1 1
1 1
1 1
1 1
1 1
1 1
1 1
1 1
1 1
1 1
1 1
1 1
1 1
1 1
1 1
1 1
1 1
1 1
1 1
1 1
1 1
1 1
1 1
1 1
1 1
1 1
1 1
1 1
1 1
1 1
1 1
1 1
1 1
1 1
1 1
1 1
1 1
1 1
1 1
1 1
1 1
1 1
1 1
1 1
1 1
1 1
1 1
1 1
1 1
1 1
1 1
1 1
1 1
1 1
1 1
1 1
1 1
1 1
1 1
1 1
1 1
1 1
1 1
1 1
1 1
1 1
1 1
1 1
1 1
1 1
1 1
1 1
1 1
1 1
1 1
1 1
1 1
1 1
1 1
1 1
1 1
1 1
1 1
1 1
1 1
1 1
1 1
1 1
1 1
1 1
1 1
1 1
1 1
1 1
1 1
1 1
1 1
1 1
1 1
1 1
1 1
1 1
1 1
1 1
1 1
1 1
1 1
1 1
1 1
1 1
1 1
1 1
1 1
1 1
1 1
1 1
1 1
1 1
1 1
1 1
1 1
1 1
1 1
1 1
1 1
1 1
1 1
1 1
1 1
1 1
1 1
1 1
1 1
1 1
1 1
RESTRICCIONES :
NODOS_INICIALES:
31837
NODOS_TERMINO:
31492