NOMBRE : Instancia real grande
COMENTARIO : caso real 
VERTICES : 204 
ARISTAS_REQ : 293
ARISTAS_NOREQ : 0 
RESTRICCIONES : 0 
NODOS_INICIALES : 1 
NODOS_TERMINO : 1 
LISTA_ARISTAS_REQ : 
uni 31492 31752 166.93 1
uni 31752 31766 114.06 1
uni 31766 31794 148.37 1
uni 31773 31492 122.18 1
uni 31793 31773 175.32 1
uni 31794 31809 85.28 1
uni 31809 31826 111.78 1
uni 31818 31793 86.85 1
uni 31826 31818 33.76 1
uni 31829 31818 131.69 1
uni 31849 31829 139.89 1
uni 31871 31849 90.27 1
uni 31886 31837 102.85 1
uni 48797 31871 116.60 1
uni 31818 31995 70.59 1
uni 31905 31892 80.98 1
uni 31947 31886 51.33 1
uni 31951 31905 59.42 1
uni 31965 31951 128.69 1
uni 31837 31972 205.85 1
uni 31983 31965 106.59 1
uni 31972 31983 108.29 1
uni 31991 31837 102.16 1
uni 31995 32005 108.59 1
uni 32004 31991 165.92 1
uni 32005 32004 161.96 1
uni 32006 31947 24.18 1
uni 32057 32006 76.83 1
uni 32144 32057 115.10 1
uni 31837 32165 118.65 1
uni 32211 32144 175.81 1
uni 32165 32253 152.43 1
uni 32288 32211 127.75 1
uni 32353 32288 91.48 1
uni 32518 32353 151.25 1
uni 32253 32518 134.08 1
uni 32619 32518 73.20 1
uni 32709 32619 154.06 1
uni 32518 32733 164.96 1
uni 32815 32735 149.52 1
uni 32885 32709 132.11 1
uni 32733 32885 166.20 1
uni 32887 32815 104.02 1
uni 32887 47103 63.94 1
bi 32735 47103 106.02 1
uni 31892 48797 104.18 1
bi 31833 31492 98.62 1
bi 31840 31794 126.89 1
bi 31850 31818 114.17 1
bi 31840 31850 80.86 1
bi 31853 31752 91.83 1
bi 31833 31853 151.58 1
bi 31902 31840 141.03 1
bi 31913 31850 169.13 1
bi 31902 31913 115.37 1
bi 31920 51511 46.95 1
bi 31930 31995 86.80 1
bi 31913 31930 105.64 1
bi 31931 31853 116.36 1
bi 31920 31931 141.94 1
bi 31936 31920 93.60 1
bi 31937 31766 26.00 1
bi 31931 31937 128.03 1
bi 31941 31902 134.10 1
bi 31937 31941 103.29 1
bi 31973 31941 164.59 1
bi 31973 31982 112.28 1
bi 31981 31913 165.34 1
bi 31982 31981 61.22 1
bi 31984 31833 124.34 1
bi 31994 31930 104.00 1
bi 31981 31994 115.01 1
bi 32011 31931 137.37 1
bi 31984 32011 166.72 1
bi 32035 31973 204.98 1
bi 32041 31982 170.46 1
bi 32035 32041 92.61 1
bi 32044 31981 141.88 1
bi 32041 32044 38.64 1
bi 32046 31994 78.62 1
bi 32044 32046 121.61 1
bi 32068 32011 154.31 1
bi 32072 31937 111.82 1
bi 32068 32072 135.89 1
bi 32086 32035 115.00 1
bi 32072 32086 103.20 1
bi 32095 32041 139.53 1
bi 32086 32095 107.78 1
bi 32101 32044 154.17 1
bi 32095 32101 69.96 1
bi 32106 32005 161.08 1
bi 32107 32046 100.00 1
bi 32101 32107 165.69 1
bi 32119 32004 77.40 1
bi 32106 32119 80.38 1
bi 32125 31984 46.97 1
bi 32136 31991 144.19 1
bi 32119 32136 115.00 1
bi 32138 32068 121.51 1
bi 32139 32138 144.66 1
bi 32148 51522 107.16 1
bi 32136 32148 145.18 1
bi 32148 32165 190.63 1
bi 32166 32086 133.84 1
bi 32173 32095 105.48 1
bi 32166 32173 79.96 1
bi 32177 32101 114.38 1
bi 32173 32177 187.84 1
bi 32188 32107 144.75 1
bi 32177 32188 115.34 1
bi 32199 32106 111.11 1
bi 32216 32256 108.46 1
bi 32217 32139 122.18 1
bi 32226 32138 95.11 1
bi 32217 32226 209.74 1
bi 32240 32072 118.53 1
bi 32243 32166 158.92 1
bi 32240 32243 118.13 1
bi 32243 32248 81.09 1
bi 32247 32173 76.58 1
bi 32248 32247 145.39 1
bi 32199 32253 146.32 1
bi 32255 32199 4.84 1
bi 32256 32255 158.38 1
bi 32263 32177 184.03 1
bi 32247 32263 155.04 1
bi 32263 32271 114.92 1
bi 32270 32188 74.42 1
bi 32271 32270 105.05 1
bi 32303 32217 175.67 1
bi 32304 51531 84.56 1
bi 32303 32304 73.24 1
bi 32308 51533 132.67 1
bi 32311 32226 174.19 1
bi 32308 32311 120.91 1
bi 32314 32304 117.79 1
bi 32317 32308 72.51 1
bi 32323 32248 136.68 1
bi 32332 32263 123.24 1
bi 32323 32332 123.60 1
bi 32341 32271 93.35 1
bi 32332 32341 125.56 1
bi 32344 32270 134.20 1
bi 32341 32344 66.92 1
bi 32393 32303 108.62 1
bi 32405 32311 129.56 1
bi 32393 32405 39.44 1
bi 32408 32240 142.86 1
bi 32405 32408 117.89 1
bi 32409 32243 174.26 1
bi 32408 32409 78.69 1
bi 32413 32323 122.39 1
bi 32409 32413 175.34 1
bi 32413 32421 72.32 1
bi 32420 32332 112.55 1
bi 32421 32420 61.39 1
bi 32420 32425 103.85 1
bi 32424 32341 101.12 1
bi 32425 32424 94.37 1
bi 32430 32344 91.93 1
bi 32424 32430 118.12 1
bi 32434 32256 91.98 1
bi 32430 32434 153.81 1
bi 32440 51539 163.62 1
bi 32434 32440 157.95 1
bi 32449 51540 194.17 1
bi 32440 32449 118.72 1
bi 32460 32255 89.93 1
bi 32449 32460 122.94 1
bi 32460 32490 77.03 1
bi 32475 32393 150.80 1
bi 32481 51542 146.88 1
bi 32475 32481 110.37 1
bi 32482 51543 160.92 1
bi 32485 32405 92.71 1
bi 32482 32485 111.08 1
bi 32490 32501 90.20 1
bi 32494 32481 122.38 1
bi 32496 32482 105.49 1
bi 32497 32421 117.53 1
bi 32501 32519 206.75 1
bi 32506 32420 137.83 1
bi 32497 32506 97.57 1
bi 32513 32424 120.54 1
bi 32517 32430 63.78 1
bi 32513 32517 105.97 1
bi 32519 32518 137.30 1
bi 32554 32475 101.94 1
bi 32554 32560 168.57 1
bi 32559 32485 172.20 1
bi 32560 32559 89.91 1
bi 32562 32408 95.68 1
bi 32559 32562 116.06 1
bi 32565 32409 108.51 1
bi 32562 32565 61.98 1
bi 32569 32413 124.22 1
bi 32565 32569 175.38 1
bi 32574 32497 74.96 1
bi 32569 32574 165.62 1
bi 32583 32506 179.30 1
bi 32574 32583 84.61 1
bi 32585 32425 176.05 1
bi 32583 32585 46.11 1
bi 32591 32513 117.62 1
bi 32585 32591 222.89 1
bi 32603 32517 84.31 1
bi 32591 32603 98.46 1
bi 32657 32490 125.06 1
bi 32658 32657 212.01 1
bi 32657 51553 144.73 1
bi 32660 32565 113.40 1
bi 32668 32574 73.54 1
bi 32660 32668 177.30 1
bi 32672 32583 76.09 1
bi 32668 32672 92.97 1
bi 32673 32434 166.33 1
bi 32676 32519 68.22 1
bi 32677 32676 110.82 1
bi 32678 32591 115.03 1
bi 32672 32678 107.51 1
bi 32676 51556 103.62 1
bi 32684 32603 69.94 1
bi 32678 32684 160.36 1
bi 32700 32460 116.56 1
bi 32673 32700 137.06 1
bi 32700 32719 104.13 1
bi 32718 32501 142.93 1
bi 32719 32718 190.74 1
bi 32718 32734 90.71 1
bi 32722 32562 132.97 1
bi 32724 32660 82.89 1
bi 32722 32724 161.15 1
bi 32729 32722 105.02 1
bi 32729 32559 51.17 1
bi 32734 32733 148.23 1
bi 32735 32554 93.08 1
bi 32739 32668 163.54 1
bi 32724 32739 145.78 1
bi 32740 32560 70.99 1
bi 32735 32740 48.72 1
bi 32740 32729 96.44 1
bi 32742 32672 96.59 1
bi 32739 32742 61.88 1
bi 32746 32678 73.41 1
bi 32742 32746 113.66 1
bi 32751 32684 113.87 1
bi 32746 32751 115.04 1
bi 32763 32722 104.19 1
bi 32769 32739 135.85 1
bi 32773 51563 101.42 1
bi 32776 32700 115.60 1
bi 32777 32776 46.36 1
bi 32794 51566 89.19 1
bi 32811 51567 102.78 1
bi 32811 32729 135.12 1
bi 32812 51563 78.17 1
bi 32819 32742 115.15 1
bi 32812 32819 64.47 1
bi 32815 32811 156.75 1
bi 32823 51566 67.81 1
bi 32826 32751 135.74 1
bi 32823 32826 123.76 1
bi 32850 32773 67.11 1
bi 32852 32812 123.94 1
bi 32850 32852 147.13 1
bi 32858 32794 72.60 1
bi 32860 32823 144.06 1
bi 32858 32860 130.42 1
bi 32892 32811 30.09 1
bi 32887 32892 110.37 1
bi 32895 51567 133.14 1
bi 32892 32895 162.25 1
bi 32896 32885 76.63 1
bi 32896 32734 115.63 1
bi 32897 32724 128.92 1
bi 32895 32897 143.08 1
bi 32901 32852 61.33 1
bi 32897 32901 145.22 1
bi 32902 32896 92.03 1
bi 32902 32719 104.79 1
bi 32910 32819 87.87 1
bi 32901 32910 134.68 1
bi 32912 32902 110.65 1
bi 32912 32776 90.77 1
bi 32913 32860 179.16 1
bi 32910 32913 111.69 1
bi 32917 32826 45.27 1
bi 32913 32917 141.90 1
bi 32917 32912 55.55 1
bi 32440 52814 132.12 1
bi 32125 32139 137.19 1
bi 31995 48797 160.83 1
bi 48797 31995 114.43 1
LISTA_ARISTAS_NOREQ :
CORDENADAS_NODOS :
1 1
1 1
1 1
1 1
1 1
1 1
1 1
1 1
1 1
1 1
1 1
1 1
1 1
1 1
1 1
1 1
1 1
1 1
1 1
1 1
1 1
1 1
1 1
1 1
1 1
1 1
1 1
1 1
1 1
1 1
1 1
1 1
1 1
1 1
1 1
1 1
1 1
1 1
1 1
1 1
1 1
1 1
1 1
1 1
1 1
1 1
1 1
1 1
1 1
1 1
1 1
1 1
1 1
1 1
1 1
1 1
1 1
1 1
1 1
1 1
1 1
1 1
1 1
1 1
1 1
1 1
1 1
1 1
1 1
1 1
1 1
1 1
1 1
1 1
1 1
1 1
1 1
1 1
1 1
1 1
1 1
1 1
1 1
1 1
1 1
1 1
1 1
1 1
1 1
1 1
1 1
1 1
1 1
1 1
1 1
1 1
1 1
1 1
1 1
1 1
1 1
1 1
1 1
1 1
1 1
1 1
1 1
1 1
1 1
1 1
1 1
1 1
1 1
1 1
1 1
1 1
1 1
1 1
1 1
1 1
1 1
1 1
1 1
1 1
1 1
1 1
1 1
1 1
1 1
1 1
1 1
1 1
1 1
1 1
1 1
1 1
1 1
1 1
1 1
1 1
1 1
1 1
1 1
1 1
1 1
1 1
1 1
1 1
1 1
1 1
1 1
1 1
1 1
1 1
1 1
1 1
1 1
1 1
1 1
1 1
1 1
1 1
1 1
1 1
1 1
1 1
1 1
1 1
1 1
1 1
1 1
1 1
1 1
1 1
1 1
1 1
1 1
1 1
1 1
1 1
1 1
1 1
1 1
1 1
1 1
1 1
1 1
1 1
1 1
1 1
1 1
1 1
1 1
1 1
1 1
1 1
1 1
1 1
1 1
1 1
1 1
1 1
1 1
1 1
RESTRICCIONES :
NODOS_INICIALES:
31837
NODOS_TERMINO:
31492