NOMBRE : Renca Mediano
COMENTARIO : Caso real 2
VERTICES : 76
ARISTAS_REQ : 92
ARISTAS_NOREQ : 0
RESTRICCIONES : 0
NODOS_INICIALES : 1
NODOS_TERMINO : 1
LISTA_ARISTAS_REQ : 
uni 31886 31837 79.65 0
uni 31905 31892 193.20 0
uni 31947 31886 41.62 0
uni 31951 31905 193.20 0
uni 31965 31951 183.09 0
uni 31837 31972 193.20 0
uni 31983 31965 111.11 0
uni 31972 31983 193.20 0
uni 31991 31837 142.14 0
uni 31995 32005 140.60 0
uni 32004 31991 119.04 0
uni 32005 32004 132.99 0
uni 32006 31947 105.72 0
uni 32057 32006 67.41 0
uni 32144 32057 99.61 0
uni 31837 32165 11.42 0
uni 32211 32144 193.20 0
uni 32165 32253 193.20 0
uni 32288 32211 71.21 0
uni 32353 32288 193.20 0
uni 32518 32353 48.00 0
uni 32253 32518 193.20 0
uni 32619 32518 92.76 0
uni 32709 32619 168.76 0
uni 32518 32733 123.43 0
uni 32885 32709 193.20 0
uni 32733 32885 113.19 0
uni 31892 48797 74.64 0
bi 31930 31995 148.70 0
bi 31994 31930 103.19 0
bi 32046 31994 113.61 0
bi 32106 32005 193.20 0
bi 32107 32046 34.25 0
bi 32119 32004 193.20 0
bi 32106 32119 80.37 0
bi 32136 31991 193.20 0
bi 32119 32136 123.86 0
bi 32148 51522 193.20 0
bi 32136 32148 135.07 0
bi 32148 32165 99.68 0
bi 32188 32107 193.20 0
bi 32199 32106 193.20 0
bi 32216 32256 193.20 0
bi 32199 32253 193.20 0
bi 32255 32199 134.80 0
bi 32256 32255 193.20 0
bi 32270 32188 99.20 0
bi 32344 32270 193.20 0
bi 32430 32344 101.84 0
bi 32434 32256 193.20 0
bi 32430 32434 50.51 0
bi 32440 51539 193.20 0
bi 32434 32440 56.91 0
bi 32449 51540 192.74 0
bi 32440 32449 125.96 0
bi 32460 32255 193.20 0
bi 32449 32460 193.20 0
bi 32460 32490 142.08 0
bi 32490 32501 54.36 0
bi 32501 32519 144.82 0
bi 32517 32430 193.20 0
bi 32519 32518 126.21 0
bi 32603 32517 185.17 0
bi 32657 32490 84.48 0
bi 32658 32657 161.76 0
bi 32657 51553 118.00 0
bi 32673 32434 43.93 0
bi 32676 32519 193.20 0
bi 32677 32676 121.84 0
bi 32676 51556 77.89 0
bi 32684 32603 193.20 0
bi 32700 32460 188.06 0
bi 32673 32700 85.70 0
bi 32700 32719 193.20 0
bi 32718 32501 193.20 0
bi 32719 32718 193.20 0
bi 32718 32734 83.17 0
bi 32734 32733 193.20 0
bi 32751 32684 193.20 0
bi 32776 32700 193.20 0
bi 32777 32776 98.67 0
bi 32826 32751 193.20 0
bi 32896 32885 118.61 0
bi 32896 32734 96.49 0
bi 32902 32896 54.17 0
bi 32902 32719 193.20 0
bi 32912 32902 33.39 0
bi 32912 32776 118.80 0
bi 32917 32826 120.66 0
bi 32917 32912 27.42 0
bi 32440 52814 125.78 0
bi 31995 48797 175.73 0
LISTA_ARISTAS_NOREQ : 
CORDENADAS_NODOS :  
uni 31886 31837 24.24
uni 31905 31892 47.06
uni 31947 31886 32.86
uni 31951 31905 74.03
uni 31965 31951 48.11
uni 31837 31972 152.08
uni 31983 31965 41.36
uni 31972 31983 41.63
uni 31991 31837 149.58
uni 31995 32005 193.20
uni 31886 31837 24.24
uni 31905 31892 47.06
uni 31947 31886 32.86
uni 31951 31905 74.03
uni 31965 31951 48.11
uni 31837 31972 152.08
uni 31983 31965 41.36
uni 31972 31983 41.63
uni 31991 31837 149.58
uni 31995 32005 193.20
uni 31886 31837 24.24
uni 31905 31892 47.06
uni 31947 31886 32.86
uni 31951 31905 74.03
uni 31965 31951 48.11
uni 31837 31972 152.08
uni 31983 31965 41.36
uni 31972 31983 41.63
uni 31991 31837 149.58
uni 31995 32005 193.20
uni 31886 31837 24.24
uni 31905 31892 47.06
uni 31947 31886 32.86
uni 31951 31905 74.03
uni 31965 31951 48.11
uni 31837 31972 152.08
uni 31983 31965 41.36
uni 31972 31983 41.63
uni 31991 31837 149.58
uni 31995 32005 193.20
uni 31886 31837 24.24
uni 31905 31892 47.06
uni 31947 31886 32.86
uni 31951 31905 74.03
uni 31965 31951 48.11
uni 31837 31972 152.08
uni 31983 31965 41.36
uni 31972 31983 41.63
uni 31991 31837 149.58
uni 31995 32005 193.20
uni 31886 31837 24.24
uni 31905 31892 47.06
uni 31947 31886 32.86
uni 31951 31905 74.03
uni 31965 31951 48.11
uni 31837 31972 152.08
uni 31983 31965 41.36
uni 31972 31983 41.63
uni 31991 31837 149.58
uni 31995 32005 193.20
uni 31886 31837 24.24
uni 31905 31892 47.06
uni 31947 31886 32.86
uni 31951 31905 74.03
uni 31965 31951 48.11
uni 31965 31951 48.11
uni 31837 31972 152.08
uni 31983 31965 41.36
uni 31972 31983 41.63
uni 31991 31837 149.58
uni 31995 32005 193.20
uni 31837 31972 152.08
uni 31983 31965 41.36
uni 31972 31983 41.63
uni 31991 31837 149.58
uni 31995 32005 193.20
RESTRICCIONES :
NODOS_INICIALES:
31837
NODOS_TERMINO:
31965