NOMBRE : Renca Mediano
COMENTARIO : Caso real 2
VERTICES : 76
ARISTAS_REQ : 92
ARISTAS_NOREQ : 0
RESTRICCIONES : 0
NODOS_INICIALES : 1
NODOS_TERMINO : 1
LISTA_ARISTAS_REQ : 
uni 31886 31837 75.05 0
uni 31905 31892 75.57 0
uni 31947 31886 80.18 0
uni 31951 31905 73.76 0
uni 31965 31951 93.78 0
uni 31837 31972 69.15 0
uni 31983 31965 51.97 0
uni 31972 31983 110.23 0
uni 31991 31837 123.28 0
uni 31995 32005 104.83 0
uni 32004 31991 100.76 0
uni 32005 32004 80.51 0
uni 32006 31947 74.33 0
uni 32057 32006 100.00 0
uni 32144 32057 135.47 0
uni 31837 32165 75.92 0
uni 32211 32144 112.87 0
uni 32165 32253 166.13 0
uni 32288 32211 106.42 0
uni 32353 32288 102.27 0
uni 32518 32353 131.25 0
uni 32253 32518 120.25 0
uni 32619 32518 107.95 0
uni 32709 32619 118.04 0
uni 32518 32733 145.39 0
uni 32885 32709 42.31 0
uni 32733 32885 103.02 0
uni 31892 48797 57.36 0
bi 31930 31995 131.97 0
bi 31994 31930 18.87 0
bi 32046 31994 142.46 0
bi 32106 32005 97.88 0
bi 32107 32046 90.18 0
bi 32119 32004 134.71 0
bi 32106 32119 101.90 0
bi 32136 31991 110.49 0
bi 32119 32136 84.59 0
bi 32148 51522 120.06 0
bi 32136 32148 131.14 0
bi 32148 32165 93.57 0
bi 32188 32107 100.35 0
bi 32199 32106 148.70 0
bi 32216 32256 84.65 0
bi 32199 32253 171.80 0
bi 32255 32199 130.16 0
bi 32256 32255 122.31 0
bi 32270 32188 103.77 0
bi 32344 32270 89.58 0
bi 32430 32344 108.09 0
bi 32434 32256 95.67 0
bi 32430 32434 46.88 0
bi 32440 51539 109.34 0
bi 32434 32440 118.76 0
bi 32449 51540 96.75 0
bi 32440 32449 130.82 0
bi 32460 32255 130.55 0
bi 32449 32460 141.00 0
bi 32460 32490 115.41 0
bi 32490 32501 120.97 0
bi 32501 32519 97.49 0
bi 32517 32430 102.89 0
bi 32519 32518 148.63 0
bi 32603 32517 108.51 0
bi 32657 32490 84.43 0
bi 32658 32657 118.93 0
bi 32657 51553 86.36 0
bi 32673 32434 93.18 0
bi 32676 32519 78.77 0
bi 32677 32676 113.98 0
bi 32676 51556 46.51 0
bi 32684 32603 81.00 0
bi 32700 32460 101.05 0
bi 32673 32700 126.12 0
bi 32700 32719 153.32 0
bi 32718 32501 109.00 0
bi 32719 32718 67.02 0
bi 32718 32734 149.82 0
bi 32734 32733 90.88 0
bi 32751 32684 131.55 0
bi 32776 32700 111.22 0
bi 32777 32776 113.03 0
bi 32826 32751 102.32 0
bi 32896 32885 87.55 0
bi 32896 32734 74.48 0
bi 32902 32896 112.99 0
bi 32902 32719 109.07 0
bi 32912 32902 116.06 0
bi 32912 32776 63.92 0
bi 32917 32826 129.48 0
bi 32917 32912 87.55 0
bi 32440 52814 145.20 0
bi 31995 48797 70.08 0
LISTA_ARISTAS_NOREQ : 
CORDENADAS_NODOS :  
uni 31886 31837 24.24
uni 31905 31892 47.06
uni 31947 31886 32.86
uni 31951 31905 74.03
uni 31965 31951 48.11
uni 31837 31972 152.08
uni 31983 31965 41.36
uni 31972 31983 41.63
uni 31991 31837 149.58
uni 31995 32005 193.20
uni 31886 31837 24.24
uni 31905 31892 47.06
uni 31947 31886 32.86
uni 31951 31905 74.03
uni 31965 31951 48.11
uni 31837 31972 152.08
uni 31983 31965 41.36
uni 31972 31983 41.63
uni 31991 31837 149.58
uni 31995 32005 193.20
uni 31886 31837 24.24
uni 31905 31892 47.06
uni 31947 31886 32.86
uni 31951 31905 74.03
uni 31965 31951 48.11
uni 31837 31972 152.08
uni 31983 31965 41.36
uni 31972 31983 41.63
uni 31991 31837 149.58
uni 31995 32005 193.20
uni 31886 31837 24.24
uni 31905 31892 47.06
uni 31947 31886 32.86
uni 31951 31905 74.03
uni 31965 31951 48.11
uni 31837 31972 152.08
uni 31983 31965 41.36
uni 31972 31983 41.63
uni 31991 31837 149.58
uni 31995 32005 193.20
uni 31886 31837 24.24
uni 31905 31892 47.06
uni 31947 31886 32.86
uni 31951 31905 74.03
uni 31965 31951 48.11
uni 31837 31972 152.08
uni 31983 31965 41.36
uni 31972 31983 41.63
uni 31991 31837 149.58
uni 31995 32005 193.20
uni 31886 31837 24.24
uni 31905 31892 47.06
uni 31947 31886 32.86
uni 31951 31905 74.03
uni 31965 31951 48.11
uni 31837 31972 152.08
uni 31983 31965 41.36
uni 31972 31983 41.63
uni 31991 31837 149.58
uni 31995 32005 193.20
uni 31886 31837 24.24
uni 31905 31892 47.06
uni 31947 31886 32.86
uni 31951 31905 74.03
uni 31965 31951 48.11
uni 31965 31951 48.11
uni 31837 31972 152.08
uni 31983 31965 41.36
uni 31972 31983 41.63
uni 31991 31837 149.58
uni 31995 32005 193.20
uni 31837 31972 152.08
uni 31983 31965 41.36
uni 31972 31983 41.63
uni 31991 31837 149.58
uni 31995 32005 193.20
RESTRICCIONES :
NODOS_INICIALES:
31837
NODOS_TERMINO:
31965