NOMBRE : Renca Mediano
COMENTARIO : Caso real 2
VERTICES : 76
ARISTAS_REQ : 92
ARISTAS_NOREQ : 0
RESTRICCIONES : 0
NODOS_INICIALES : 1
NODOS_TERMINO : 1
LISTA_ARISTAS_REQ : 
uni 31886 31837 193.20 0
uni 31905 31892 30.58 0
uni 31947 31886 193.20 0
uni 31951 31905 193.20 0
uni 31965 31951 129.99 0
uni 31837 31972 193.20 0
uni 31983 31965 193.20 0
uni 31972 31983 134.93 0
uni 31991 31837 193.20 0
uni 31995 32005 193.20 0
uni 32004 31991 41.90 0
uni 32005 32004 63.05 0
uni 32006 31947 193.20 0
uni 32057 32006 63.49 0
uni 32144 32057 61.09 0
uni 31837 32165 193.20 0
uni 32211 32144 193.20 0
uni 32165 32253 167.14 0
uni 32288 32211 108.72 0
uni 32353 32288 186.63 0
uni 32518 32353 120.84 0
uni 32253 32518 72.10 0
uni 32619 32518 166.82 0
uni 32709 32619 81.62 0
uni 32518 32733 193.20 0
uni 32885 32709 131.80 0
uni 32733 32885 116.39 0
uni 31892 48797 185.70 0
bi 31930 31995 31.35 0
bi 31994 31930 46.91 0
bi 32046 31994 193.20 0
bi 32106 32005 81.31 0
bi 32107 32046 74.51 0
bi 32119 32004 122.05 0
bi 32106 32119 193.20 0
bi 32136 31991 108.88 0
bi 32119 32136 116.56 0
bi 32148 51522 84.42 0
bi 32136 32148 74.93 0
bi 32148 32165 193.20 0
bi 32188 32107 116.04 0
bi 32199 32106 193.20 0
bi 32216 32256 193.20 0
bi 32199 32253 135.31 0
bi 32255 32199 137.14 0
bi 32256 32255 58.07 0
bi 32270 32188 136.77 0
bi 32344 32270 193.20 0
bi 32430 32344 90.19 0
bi 32434 32256 71.63 0
bi 32430 32434 150.62 0
bi 32440 51539 193.20 0
bi 32434 32440 193.20 0
bi 32449 51540 127.64 0
bi 32440 32449 118.24 0
bi 32460 32255 136.83 0
bi 32449 32460 114.70 0
bi 32460 32490 34.13 0
bi 32490 32501 11.42 0
bi 32501 32519 193.20 0
bi 32517 32430 87.86 0
bi 32519 32518 52.67 0
bi 32603 32517 193.20 0
bi 32657 32490 193.20 0
bi 32658 32657 193.20 0
bi 32657 51553 138.48 0
bi 32673 32434 91.08 0
bi 32676 32519 83.75 0
bi 32677 32676 193.20 0
bi 32676 51556 193.20 0
bi 32684 32603 70.78 0
bi 32700 32460 193.20 0
bi 32673 32700 192.68 0
bi 32700 32719 193.20 0
bi 32718 32501 43.05 0
bi 32719 32718 193.20 0
bi 32718 32734 79.98 0
bi 32734 32733 58.62 0
bi 32751 32684 11.42 0
bi 32776 32700 193.20 0
bi 32777 32776 102.93 0
bi 32826 32751 193.20 0
bi 32896 32885 191.75 0
bi 32896 32734 65.15 0
bi 32902 32896 82.63 0
bi 32902 32719 109.57 0
bi 32912 32902 164.08 0
bi 32912 32776 113.81 0
bi 32917 32826 193.20 0
bi 32917 32912 11.42 0
bi 32440 52814 193.20 0
bi 31995 48797 13.44 0
LISTA_ARISTAS_NOREQ : 
CORDENADAS_NODOS :  
uni 31886 31837 24.24
uni 31905 31892 47.06
uni 31947 31886 32.86
uni 31951 31905 74.03
uni 31965 31951 48.11
uni 31837 31972 152.08
uni 31983 31965 41.36
uni 31972 31983 41.63
uni 31991 31837 149.58
uni 31995 32005 193.20
uni 31886 31837 24.24
uni 31905 31892 47.06
uni 31947 31886 32.86
uni 31951 31905 74.03
uni 31965 31951 48.11
uni 31837 31972 152.08
uni 31983 31965 41.36
uni 31972 31983 41.63
uni 31991 31837 149.58
uni 31995 32005 193.20
uni 31886 31837 24.24
uni 31905 31892 47.06
uni 31947 31886 32.86
uni 31951 31905 74.03
uni 31965 31951 48.11
uni 31837 31972 152.08
uni 31983 31965 41.36
uni 31972 31983 41.63
uni 31991 31837 149.58
uni 31995 32005 193.20
uni 31886 31837 24.24
uni 31905 31892 47.06
uni 31947 31886 32.86
uni 31951 31905 74.03
uni 31965 31951 48.11
uni 31837 31972 152.08
uni 31983 31965 41.36
uni 31972 31983 41.63
uni 31991 31837 149.58
uni 31995 32005 193.20
uni 31886 31837 24.24
uni 31905 31892 47.06
uni 31947 31886 32.86
uni 31951 31905 74.03
uni 31965 31951 48.11
uni 31837 31972 152.08
uni 31983 31965 41.36
uni 31972 31983 41.63
uni 31991 31837 149.58
uni 31995 32005 193.20
uni 31886 31837 24.24
uni 31905 31892 47.06
uni 31947 31886 32.86
uni 31951 31905 74.03
uni 31965 31951 48.11
uni 31837 31972 152.08
uni 31983 31965 41.36
uni 31972 31983 41.63
uni 31991 31837 149.58
uni 31995 32005 193.20
uni 31886 31837 24.24
uni 31905 31892 47.06
uni 31947 31886 32.86
uni 31951 31905 74.03
uni 31965 31951 48.11
uni 31965 31951 48.11
uni 31837 31972 152.08
uni 31983 31965 41.36
uni 31972 31983 41.63
uni 31991 31837 149.58
uni 31995 32005 193.20
uni 31837 31972 152.08
uni 31983 31965 41.36
uni 31972 31983 41.63
uni 31991 31837 149.58
uni 31995 32005 193.20
RESTRICCIONES :
NODOS_INICIALES:
31837
NODOS_TERMINO:
31965