NOMBRE : Renca Mediano
COMENTARIO : Caso real 2
VERTICES : 76
ARISTAS_REQ : 92
ARISTAS_NOREQ : 0
RESTRICCIONES : 0
NODOS_INICIALES : 1
NODOS_TERMINO : 1
LISTA_ARISTAS_REQ : 
uni 31886 31837 49.19 0
uni 31905 31892 25.52 0
uni 31947 31886 193.20 0
uni 31951 31905 43.52 0
uni 31965 31951 193.20 0
uni 31837 31972 193.20 0
uni 31983 31965 57.72 0
uni 31972 31983 193.20 0
uni 31991 31837 193.20 0
uni 31995 32005 193.20 0
uni 32004 31991 11.42 0
uni 32005 32004 146.95 0
uni 32006 31947 90.58 0
uni 32057 32006 94.70 0
uni 32144 32057 163.72 0
uni 31837 32165 193.20 0
uni 32211 32144 110.85 0
uni 32165 32253 22.76 0
uni 32288 32211 150.97 0
uni 32353 32288 105.37 0
uni 32518 32353 49.50 0
uni 32253 32518 113.16 0
uni 32619 32518 174.42 0
uni 32709 32619 88.01 0
uni 32518 32733 26.19 0
uni 32885 32709 68.69 0
uni 32733 32885 102.84 0
uni 31892 48797 23.02 0
bi 31930 31995 103.77 0
bi 31994 31930 153.40 0
bi 32046 31994 193.20 0
bi 32106 32005 61.05 0
bi 32107 32046 116.67 0
bi 32119 32004 193.20 0
bi 32106 32119 116.95 0
bi 32136 31991 40.17 0
bi 32119 32136 193.20 0
bi 32148 51522 36.08 0
bi 32136 32148 193.20 0
bi 32148 32165 193.20 0
bi 32188 32107 193.20 0
bi 32199 32106 58.91 0
bi 32216 32256 193.20 0
bi 32199 32253 122.76 0
bi 32255 32199 193.20 0
bi 32256 32255 193.20 0
bi 32270 32188 193.20 0
bi 32344 32270 132.12 0
bi 32430 32344 158.19 0
bi 32434 32256 62.19 0
bi 32430 32434 162.81 0
bi 32440 51539 33.17 0
bi 32434 32440 193.20 0
bi 32449 51540 193.20 0
bi 32440 32449 13.80 0
bi 32460 32255 146.48 0
bi 32449 32460 174.33 0
bi 32460 32490 193.20 0
bi 32490 32501 193.20 0
bi 32501 32519 124.60 0
bi 32517 32430 193.20 0
bi 32519 32518 193.20 0
bi 32603 32517 69.99 0
bi 32657 32490 11.42 0
bi 32658 32657 159.80 0
bi 32657 51553 193.20 0
bi 32673 32434 193.20 0
bi 32676 32519 61.48 0
bi 32677 32676 114.69 0
bi 32676 51556 193.20 0
bi 32684 32603 117.72 0
bi 32700 32460 123.68 0
bi 32673 32700 164.24 0
bi 32700 32719 137.68 0
bi 32718 32501 29.05 0
bi 32719 32718 193.20 0
bi 32718 32734 193.20 0
bi 32734 32733 15.70 0
bi 32751 32684 67.88 0
bi 32776 32700 193.20 0
bi 32777 32776 156.80 0
bi 32826 32751 115.49 0
bi 32896 32885 193.20 0
bi 32896 32734 89.01 0
bi 32902 32896 101.28 0
bi 32902 32719 193.20 0
bi 32912 32902 24.02 0
bi 32912 32776 193.20 0
bi 32917 32826 109.35 0
bi 32917 32912 37.64 0
bi 32440 52814 119.24 0
bi 31995 48797 76.30 0
LISTA_ARISTAS_NOREQ : 
CORDENADAS_NODOS :  
uni 31886 31837 24.24
uni 31905 31892 47.06
uni 31947 31886 32.86
uni 31951 31905 74.03
uni 31965 31951 48.11
uni 31837 31972 152.08
uni 31983 31965 41.36
uni 31972 31983 41.63
uni 31991 31837 149.58
uni 31995 32005 193.20
uni 31886 31837 24.24
uni 31905 31892 47.06
uni 31947 31886 32.86
uni 31951 31905 74.03
uni 31965 31951 48.11
uni 31837 31972 152.08
uni 31983 31965 41.36
uni 31972 31983 41.63
uni 31991 31837 149.58
uni 31995 32005 193.20
uni 31886 31837 24.24
uni 31905 31892 47.06
uni 31947 31886 32.86
uni 31951 31905 74.03
uni 31965 31951 48.11
uni 31837 31972 152.08
uni 31983 31965 41.36
uni 31972 31983 41.63
uni 31991 31837 149.58
uni 31995 32005 193.20
uni 31886 31837 24.24
uni 31905 31892 47.06
uni 31947 31886 32.86
uni 31951 31905 74.03
uni 31965 31951 48.11
uni 31837 31972 152.08
uni 31983 31965 41.36
uni 31972 31983 41.63
uni 31991 31837 149.58
uni 31995 32005 193.20
uni 31886 31837 24.24
uni 31905 31892 47.06
uni 31947 31886 32.86
uni 31951 31905 74.03
uni 31965 31951 48.11
uni 31837 31972 152.08
uni 31983 31965 41.36
uni 31972 31983 41.63
uni 31991 31837 149.58
uni 31995 32005 193.20
uni 31886 31837 24.24
uni 31905 31892 47.06
uni 31947 31886 32.86
uni 31951 31905 74.03
uni 31965 31951 48.11
uni 31837 31972 152.08
uni 31983 31965 41.36
uni 31972 31983 41.63
uni 31991 31837 149.58
uni 31995 32005 193.20
uni 31886 31837 24.24
uni 31905 31892 47.06
uni 31947 31886 32.86
uni 31951 31905 74.03
uni 31965 31951 48.11
uni 31965 31951 48.11
uni 31837 31972 152.08
uni 31983 31965 41.36
uni 31972 31983 41.63
uni 31991 31837 149.58
uni 31995 32005 193.20
uni 31837 31972 152.08
uni 31983 31965 41.36
uni 31972 31983 41.63
uni 31991 31837 149.58
uni 31995 32005 193.20
RESTRICCIONES :
NODOS_INICIALES:
31837
NODOS_TERMINO:
31965