NOMBRE : Instancia real grande
COMENTARIO : caso real 
VERTICES : 204 
ARISTAS_REQ : 293
ARISTAS_NOREQ : 0 
RESTRICCIONES : 0 
NODOS_INICIALES : 1 
NODOS_TERMINO : 1 
LISTA_ARISTAS_REQ : 
uni 31492 31752 116.59 1
uni 31752 31766 222.89 1
uni 31766 31794 222.89 1
uni 31773 31492 222.89 1
uni 31793 31773 212.56 1
uni 31794 31809 104.29 1
uni 31809 31826 72.88 1
uni 31818 31793 185.74 1
uni 31826 31818 222.61 1
uni 31829 31818 222.89 1
uni 31849 31829 213.61 1
uni 31871 31849 222.89 1
uni 31886 31837 158.45 1
uni 48797 31871 222.89 1
uni 31818 31995 222.89 1
uni 31905 31892 222.89 1
uni 31947 31886 222.89 1
uni 31951 31905 222.89 1
uni 31965 31951 162.26 1
uni 31837 31972 200.52 1
uni 31983 31965 222.89 1
uni 31972 31983 222.89 1
uni 31991 31837 222.89 1
uni 31995 32005 138.80 1
uni 32004 31991 222.89 1
uni 32005 32004 133.11 1
uni 32006 31947 135.19 1
uni 32057 32006 143.80 1
uni 32144 32057 45.80 1
uni 31837 32165 79.36 1
uni 32211 32144 29.09 1
uni 32165 32253 178.39 1
uni 32288 32211 37.68 1
uni 32353 32288 51.99 1
uni 32518 32353 222.89 1
uni 32253 32518 122.77 1
uni 32619 32518 90.17 1
uni 32709 32619 210.69 1
uni 32518 32733 67.24 1
uni 32815 32735 222.89 1
uni 32885 32709 137.30 1
uni 32733 32885 222.89 1
uni 32887 32815 90.64 1
uni 32887 47103 222.89 1
bi 32735 47103 222.89 1
uni 31892 48797 26.64 1
bi 31833 31492 142.79 1
bi 31840 31794 176.57 1
bi 31850 31818 65.76 1
bi 31840 31850 141.79 1
bi 31853 31752 222.89 1
bi 31833 31853 95.78 1
bi 31902 31840 222.89 1
bi 31913 31850 54.31 1
bi 31902 31913 222.89 1
bi 31920 51511 212.95 1
bi 31930 31995 222.89 1
bi 31913 31930 187.43 1
bi 31931 31853 222.89 1
bi 31920 31931 222.89 1
bi 31936 31920 222.89 1
bi 31937 31766 85.57 1
bi 31931 31937 186.39 1
bi 31941 31902 84.94 1
bi 31937 31941 152.52 1
bi 31973 31941 222.89 1
bi 31973 31982 211.80 1
bi 31981 31913 46.27 1
bi 31982 31981 134.94 1
bi 31984 31833 185.81 1
bi 31994 31930 128.93 1
bi 31981 31994 205.09 1
bi 32011 31931 167.77 1
bi 31984 32011 81.14 1
bi 32035 31973 95.59 1
bi 32041 31982 49.78 1
bi 32035 32041 147.75 1
bi 32044 31981 42.93 1
bi 32041 32044 99.73 1
bi 32046 31994 135.16 1
bi 32044 32046 51.62 1
bi 32068 32011 222.89 1
bi 32072 31937 222.89 1
bi 32068 32072 222.89 1
bi 32086 32035 222.89 1
bi 32072 32086 100.33 1
bi 32095 32041 170.92 1
bi 32086 32095 195.24 1
bi 32101 32044 222.89 1
bi 32095 32101 193.85 1
bi 32106 32005 112.64 1
bi 32107 32046 17.17 1
bi 32101 32107 222.89 1
bi 32119 32004 21.61 1
bi 32106 32119 222.89 1
bi 32125 31984 222.89 1
bi 32136 31991 136.47 1
bi 32119 32136 68.82 1
bi 32138 32068 169.54 1
bi 32139 32138 143.61 1
bi 32148 51522 154.60 1
bi 32136 32148 222.89 1
bi 32148 32165 181.70 1
bi 32166 32086 176.65 1
bi 32173 32095 222.89 1
bi 32166 32173 217.41 1
bi 32177 32101 222.89 1
bi 32173 32177 67.31 1
bi 32188 32107 222.89 1
bi 32177 32188 185.19 1
bi 32199 32106 222.89 1
bi 32216 32256 222.89 1
bi 32217 32139 191.57 1
bi 32226 32138 55.34 1
bi 32217 32226 222.89 1
bi 32240 32072 147.67 1
bi 32243 32166 222.89 1
bi 32240 32243 78.03 1
bi 32243 32248 32.18 1
bi 32247 32173 160.58 1
bi 32248 32247 201.43 1
bi 32199 32253 130.21 1
bi 32255 32199 112.66 1
bi 32256 32255 196.75 1
bi 32263 32177 222.89 1
bi 32247 32263 222.89 1
bi 32263 32271 96.36 1
bi 32270 32188 180.05 1
bi 32271 32270 222.89 1
bi 32303 32217 176.26 1
bi 32304 51531 214.37 1
bi 32303 32304 222.89 1
bi 32308 51533 222.89 1
bi 32311 32226 124.42 1
bi 32308 32311 188.37 1
bi 32314 32304 14.30 1
bi 32317 32308 211.29 1
bi 32323 32248 222.89 1
bi 32332 32263 49.24 1
bi 32323 32332 14.57 1
bi 32341 32271 222.89 1
bi 32332 32341 109.56 1
bi 32344 32270 222.89 1
bi 32341 32344 90.75 1
bi 32393 32303 222.89 1
bi 32405 32311 174.92 1
bi 32393 32405 84.55 1
bi 32408 32240 101.25 1
bi 32405 32408 65.86 1
bi 32409 32243 99.17 1
bi 32408 32409 222.89 1
bi 32413 32323 222.89 1
bi 32409 32413 39.39 1
bi 32413 32421 222.89 1
bi 32420 32332 15.24 1
bi 32421 32420 222.89 1
bi 32420 32425 222.89 1
bi 32424 32341 55.68 1
bi 32425 32424 222.89 1
bi 32430 32344 121.94 1
bi 32424 32430 222.89 1
bi 32434 32256 222.89 1
bi 32430 32434 222.89 1
bi 32440 51539 222.89 1
bi 32434 32440 222.89 1
bi 32449 51540 70.34 1
bi 32440 32449 222.89 1
bi 32460 32255 144.91 1
bi 32449 32460 222.89 1
bi 32460 32490 222.89 1
bi 32475 32393 65.62 1
bi 32481 51542 37.10 1
bi 32475 32481 120.98 1
bi 32482 51543 59.75 1
bi 32485 32405 222.89 1
bi 32482 32485 134.82 1
bi 32490 32501 128.90 1
bi 32494 32481 222.89 1
bi 32496 32482 222.89 1
bi 32497 32421 106.53 1
bi 32501 32519 222.89 1
bi 32506 32420 96.20 1
bi 32497 32506 15.51 1
bi 32513 32424 222.89 1
bi 32517 32430 63.14 1
bi 32513 32517 127.42 1
bi 32519 32518 222.89 1
bi 32554 32475 85.78 1
bi 32554 32560 36.55 1
bi 32559 32485 222.89 1
bi 32560 32559 53.79 1
bi 32562 32408 222.89 1
bi 32559 32562 91.39 1
bi 32565 32409 222.89 1
bi 32562 32565 146.47 1
bi 32569 32413 222.89 1
bi 32565 32569 222.89 1
bi 32574 32497 158.10 1
bi 32569 32574 39.66 1
bi 32583 32506 60.32 1
bi 32574 32583 146.33 1
bi 32585 32425 86.35 1
bi 32583 32585 67.63 1
bi 32591 32513 174.65 1
bi 32585 32591 190.53 1
bi 32603 32517 222.89 1
bi 32591 32603 222.89 1
bi 32657 32490 124.23 1
bi 32658 32657 116.00 1
bi 32657 51553 222.89 1
bi 32660 32565 141.08 1
bi 32668 32574 149.15 1
bi 32660 32668 222.89 1
bi 32672 32583 77.14 1
bi 32668 32672 222.89 1
bi 32673 32434 78.82 1
bi 32676 32519 222.89 1
bi 32677 32676 222.89 1
bi 32678 32591 222.89 1
bi 32672 32678 222.89 1
bi 32676 51556 171.86 1
bi 32684 32603 28.54 1
bi 32678 32684 26.98 1
bi 32700 32460 98.87 1
bi 32673 32700 68.84 1
bi 32700 32719 222.89 1
bi 32718 32501 217.23 1
bi 32719 32718 121.76 1
bi 32718 32734 222.89 1
bi 32722 32562 222.89 1
bi 32724 32660 222.89 1
bi 32722 32724 84.97 1
bi 32729 32722 79.26 1
bi 32729 32559 6.49 1
bi 32734 32733 222.89 1
bi 32735 32554 142.49 1
bi 32739 32668 132.54 1
bi 32724 32739 222.89 1
bi 32740 32560 118.48 1
bi 32735 32740 141.83 1
bi 32740 32729 39.60 1
bi 32742 32672 73.25 1
bi 32739 32742 112.28 1
bi 32746 32678 222.89 1
bi 32742 32746 222.89 1
bi 32751 32684 222.89 1
bi 32746 32751 192.28 1
bi 32763 32722 222.89 1
bi 32769 32739 222.89 1
bi 32773 51563 128.39 1
bi 32776 32700 222.89 1
bi 32777 32776 171.89 1
bi 32794 51566 93.23 1
bi 32811 51567 175.12 1
bi 32811 32729 222.89 1
bi 32812 51563 222.89 1
bi 32819 32742 222.89 1
bi 32812 32819 74.44 1
bi 32815 32811 32.79 1
bi 32823 51566 222.89 1
bi 32826 32751 222.89 1
bi 32823 32826 177.14 1
bi 32850 32773 222.89 1
bi 32852 32812 171.02 1
bi 32850 32852 222.89 1
bi 32858 32794 164.59 1
bi 32860 32823 128.61 1
bi 32858 32860 22.76 1
bi 32892 32811 222.89 1
bi 32887 32892 58.64 1
bi 32895 51567 222.89 1
bi 32892 32895 222.89 1
bi 32896 32885 222.89 1
bi 32896 32734 222.89 1
bi 32897 32724 128.46 1
bi 32895 32897 5.37 1
bi 32901 32852 194.75 1
bi 32897 32901 222.89 1
bi 32902 32896 151.42 1
bi 32902 32719 115.90 1
bi 32910 32819 222.89 1
bi 32901 32910 172.07 1
bi 32912 32902 32.75 1
bi 32912 32776 222.89 1
bi 32913 32860 222.89 1
bi 32910 32913 102.71 1
bi 32917 32826 215.91 1
bi 32913 32917 222.89 1
bi 32917 32912 121.71 1
bi 32440 52814 222.89 1
bi 32125 32139 222.89 1
bi 31995 48797 127.99 1
bi 48797 31995 199.12 1
LISTA_ARISTAS_NOREQ :
CORDENADAS_NODOS :
1 1
1 1
1 1
1 1
1 1
1 1
1 1
1 1
1 1
1 1
1 1
1 1
1 1
1 1
1 1
1 1
1 1
1 1
1 1
1 1
1 1
1 1
1 1
1 1
1 1
1 1
1 1
1 1
1 1
1 1
1 1
1 1
1 1
1 1
1 1
1 1
1 1
1 1
1 1
1 1
1 1
1 1
1 1
1 1
1 1
1 1
1 1
1 1
1 1
1 1
1 1
1 1
1 1
1 1
1 1
1 1
1 1
1 1
1 1
1 1
1 1
1 1
1 1
1 1
1 1
1 1
1 1
1 1
1 1
1 1
1 1
1 1
1 1
1 1
1 1
1 1
1 1
1 1
1 1
1 1
1 1
1 1
1 1
1 1
1 1
1 1
1 1
1 1
1 1
1 1
1 1
1 1
1 1
1 1
1 1
1 1
1 1
1 1
1 1
1 1
1 1
1 1
1 1
1 1
1 1
1 1
1 1
1 1
1 1
1 1
1 1
1 1
1 1
1 1
1 1
1 1
1 1
1 1
1 1
1 1
1 1
1 1
1 1
1 1
1 1
1 1
1 1
1 1
1 1
1 1
1 1
1 1
1 1
1 1
1 1
1 1
1 1
1 1
1 1
1 1
1 1
1 1
1 1
1 1
1 1
1 1
1 1
1 1
1 1
1 1
1 1
1 1
1 1
1 1
1 1
1 1
1 1
1 1
1 1
1 1
1 1
1 1
1 1
1 1
1 1
1 1
1 1
1 1
1 1
1 1
1 1
1 1
1 1
1 1
1 1
1 1
1 1
1 1
1 1
1 1
1 1
1 1
1 1
1 1
1 1
1 1
1 1
1 1
1 1
1 1
1 1
1 1
1 1
1 1
1 1
1 1
1 1
1 1
1 1
1 1
1 1
1 1
1 1
1 1
RESTRICCIONES :
NODOS_INICIALES:
31837
NODOS_TERMINO:
31492