NOMBRE : Instancia real grande
COMENTARIO : caso real 
VERTICES : 204 
ARISTAS_REQ : 293
ARISTAS_NOREQ : 0 
RESTRICCIONES : 0 
NODOS_INICIALES : 1 
NODOS_TERMINO : 1 
LISTA_ARISTAS_REQ : 
uni 31492 31752 112.95 1
uni 31752 31766 161.24 1
uni 31766 31794 107.37 1
uni 31773 31492 76.94 1
uni 31793 31773 92.43 1
uni 31794 31809 146.08 1
uni 31809 31826 129.14 1
uni 31818 31793 173.34 1
uni 31826 31818 117.69 1
uni 31829 31818 175.14 1
uni 31849 31829 108.74 1
uni 31871 31849 143.11 1
uni 31886 31837 82.17 1
uni 48797 31871 111.07 1
uni 31818 31995 105.74 1
uni 31905 31892 122.61 1
uni 31947 31886 140.00 1
uni 31951 31905 25.74 1
uni 31965 31951 153.13 1
uni 31837 31972 159.59 1
uni 31983 31965 80.00 1
uni 31972 31983 100.55 1
uni 31991 31837 98.44 1
uni 31995 32005 134.17 1
uni 32004 31991 102.02 1
uni 32005 32004 82.04 1
uni 32006 31947 126.50 1
uni 32057 32006 70.01 1
uni 32144 32057 105.05 1
uni 31837 32165 78.92 1
uni 32211 32144 108.60 1
uni 32165 32253 118.91 1
uni 32288 32211 104.12 1
uni 32353 32288 107.33 1
uni 32518 32353 104.79 1
uni 32253 32518 139.97 1
uni 32619 32518 86.29 1
uni 32709 32619 91.26 1
uni 32518 32733 155.99 1
uni 32815 32735 109.02 1
uni 32885 32709 60.20 1
uni 32733 32885 192.96 1
uni 32887 32815 95.21 1
uni 32887 47103 68.97 1
bi 32735 47103 73.83 1
uni 31892 48797 152.20 1
bi 31833 31492 83.57 1
bi 31840 31794 130.97 1
bi 31850 31818 139.10 1
bi 31840 31850 157.89 1
bi 31853 31752 138.07 1
bi 31833 31853 117.56 1
bi 31902 31840 156.97 1
bi 31913 31850 77.00 1
bi 31902 31913 130.14 1
bi 31920 51511 56.57 1
bi 31930 31995 109.54 1
bi 31913 31930 120.29 1
bi 31931 31853 39.96 1
bi 31920 31931 138.94 1
bi 31936 31920 126.00 1
bi 31937 31766 132.89 1
bi 31931 31937 152.00 1
bi 31941 31902 61.99 1
bi 31937 31941 65.83 1
bi 31973 31941 97.47 1
bi 31973 31982 123.36 1
bi 31981 31913 114.49 1
bi 31982 31981 104.96 1
bi 31984 31833 54.11 1
bi 31994 31930 86.09 1
bi 31981 31994 117.86 1
bi 32011 31931 62.39 1
bi 31984 32011 53.38 1
bi 32035 31973 86.02 1
bi 32041 31982 126.86 1
bi 32035 32041 112.06 1
bi 32044 31981 110.52 1
bi 32041 32044 129.78 1
bi 32046 31994 124.03 1
bi 32044 32046 71.51 1
bi 32068 32011 73.09 1
bi 32072 31937 81.33 1
bi 32068 32072 54.47 1
bi 32086 32035 43.15 1
bi 32072 32086 101.32 1
bi 32095 32041 104.49 1
bi 32086 32095 153.40 1
bi 32101 32044 39.19 1
bi 32095 32101 143.28 1
bi 32106 32005 118.29 1
bi 32107 32046 117.10 1
bi 32101 32107 24.78 1
bi 32119 32004 45.76 1
bi 32106 32119 122.63 1
bi 32125 31984 79.36 1
bi 32136 31991 123.13 1
bi 32119 32136 144.98 1
bi 32138 32068 124.29 1
bi 32139 32138 146.22 1
bi 32148 51522 100.14 1
bi 32136 32148 151.93 1
bi 32148 32165 93.29 1
bi 32166 32086 149.18 1
bi 32173 32095 105.34 1
bi 32166 32173 87.25 1
bi 32177 32101 116.62 1
bi 32173 32177 89.90 1
bi 32188 32107 95.76 1
bi 32177 32188 141.07 1
bi 32199 32106 49.91 1
bi 32216 32256 68.17 1
bi 32217 32139 87.45 1
bi 32226 32138 141.13 1
bi 32217 32226 108.12 1
bi 32240 32072 165.36 1
bi 32243 32166 129.89 1
bi 32240 32243 136.75 1
bi 32243 32248 127.64 1
bi 32247 32173 79.51 1
bi 32248 32247 137.62 1
bi 32199 32253 158.77 1
bi 32255 32199 116.29 1
bi 32256 32255 85.18 1
bi 32263 32177 129.26 1
bi 32247 32263 75.44 1
bi 32263 32271 84.95 1
bi 32270 32188 156.73 1
bi 32271 32270 110.11 1
bi 32303 32217 175.64 1
bi 32304 51531 99.12 1
bi 32303 32304 125.84 1
bi 32308 51533 160.40 1
bi 32311 32226 133.62 1
bi 32308 32311 81.59 1
bi 32314 32304 102.62 1
bi 32317 32308 127.17 1
bi 32323 32248 132.96 1
bi 32332 32263 74.67 1
bi 32323 32332 118.35 1
bi 32341 32271 70.67 1
bi 32332 32341 117.41 1
bi 32344 32270 97.21 1
bi 32341 32344 31.55 1
bi 32393 32303 134.41 1
bi 32405 32311 70.87 1
bi 32393 32405 113.20 1
bi 32408 32240 52.64 1
bi 32405 32408 142.98 1
bi 32409 32243 75.92 1
bi 32408 32409 118.77 1
bi 32413 32323 135.08 1
bi 32409 32413 130.91 1
bi 32413 32421 115.63 1
bi 32420 32332 150.21 1
bi 32421 32420 115.17 1
bi 32420 32425 94.25 1
bi 32424 32341 138.30 1
bi 32425 32424 87.25 1
bi 32430 32344 150.03 1
bi 32424 32430 158.44 1
bi 32434 32256 104.88 1
bi 32430 32434 132.82 1
bi 32440 51539 73.70 1
bi 32434 32440 126.23 1
bi 32449 51540 68.25 1
bi 32440 32449 98.32 1
bi 32460 32255 105.21 1
bi 32449 32460 71.90 1
bi 32460 32490 57.05 1
bi 32475 32393 118.17 1
bi 32481 51542 97.33 1
bi 32475 32481 147.34 1
bi 32482 51543 150.11 1
bi 32485 32405 171.73 1
bi 32482 32485 129.38 1
bi 32490 32501 36.11 1
bi 32494 32481 122.26 1
bi 32496 32482 70.90 1
bi 32497 32421 144.38 1
bi 32501 32519 173.36 1
bi 32506 32420 148.92 1
bi 32497 32506 38.38 1
bi 32513 32424 107.16 1
bi 32517 32430 119.41 1
bi 32513 32517 104.05 1
bi 32519 32518 100.94 1
bi 32554 32475 103.42 1
bi 32554 32560 196.64 1
bi 32559 32485 136.99 1
bi 32560 32559 160.79 1
bi 32562 32408 145.56 1
bi 32559 32562 153.21 1
bi 32565 32409 166.39 1
bi 32562 32565 143.10 1
bi 32569 32413 142.99 1
bi 32565 32569 123.72 1
bi 32574 32497 146.13 1
bi 32569 32574 71.82 1
bi 32583 32506 139.31 1
bi 32574 32583 181.77 1
bi 32585 32425 143.74 1
bi 32583 32585 87.48 1
bi 32591 32513 163.21 1
bi 32585 32591 132.08 1
bi 32603 32517 110.59 1
bi 32591 32603 9.17 1
bi 32657 32490 79.44 1
bi 32658 32657 97.60 1
bi 32657 51553 126.47 1
bi 32660 32565 95.60 1
bi 32668 32574 81.01 1
bi 32660 32668 108.41 1
bi 32672 32583 100.16 1
bi 32668 32672 104.10 1
bi 32673 32434 140.75 1
bi 32676 32519 145.81 1
bi 32677 32676 141.80 1
bi 32678 32591 107.04 1
bi 32672 32678 105.59 1
bi 32676 51556 133.82 1
bi 32684 32603 125.12 1
bi 32678 32684 65.14 1
bi 32700 32460 22.07 1
bi 32673 32700 95.18 1
bi 32700 32719 92.89 1
bi 32718 32501 90.90 1
bi 32719 32718 131.57 1
bi 32718 32734 171.47 1
bi 32722 32562 109.78 1
bi 32724 32660 141.78 1
bi 32722 32724 166.19 1
bi 32729 32722 118.87 1
bi 32729 32559 133.53 1
bi 32734 32733 177.48 1
bi 32735 32554 90.15 1
bi 32739 32668 117.13 1
bi 32724 32739 117.48 1
bi 32740 32560 140.81 1
bi 32735 32740 100.79 1
bi 32740 32729 63.32 1
bi 32742 32672 153.80 1
bi 32739 32742 151.27 1
bi 32746 32678 148.77 1
bi 32742 32746 149.36 1
bi 32751 32684 101.86 1
bi 32746 32751 190.88 1
bi 32763 32722 73.36 1
bi 32769 32739 68.58 1
bi 32773 51563 128.66 1
bi 32776 32700 121.75 1
bi 32777 32776 100.91 1
bi 32794 51566 118.01 1
bi 32811 51567 94.22 1
bi 32811 32729 128.31 1
bi 32812 51563 136.14 1
bi 32819 32742 123.42 1
bi 32812 32819 142.45 1
bi 32815 32811 144.84 1
bi 32823 51566 97.92 1
bi 32826 32751 112.41 1
bi 32823 32826 89.01 1
bi 32850 32773 90.06 1
bi 32852 32812 52.39 1
bi 32850 32852 106.10 1
bi 32858 32794 144.10 1
bi 32860 32823 62.21 1
bi 32858 32860 58.33 1
bi 32892 32811 120.92 1
bi 32887 32892 132.11 1
bi 32895 51567 103.41 1
bi 32892 32895 120.05 1
bi 32896 32885 94.01 1
bi 32896 32734 106.90 1
bi 32897 32724 99.64 1
bi 32895 32897 99.85 1
bi 32901 32852 76.15 1
bi 32897 32901 105.17 1
bi 32902 32896 72.96 1
bi 32902 32719 114.67 1
bi 32910 32819 77.75 1
bi 32901 32910 127.67 1
bi 32912 32902 116.75 1
bi 32912 32776 29.59 1
bi 32913 32860 77.20 1
bi 32910 32913 109.12 1
bi 32917 32826 174.67 1
bi 32913 32917 148.06 1
bi 32917 32912 58.13 1
bi 32440 52814 119.32 1
bi 32125 32139 117.02 1
bi 31995 48797 78.11 1
bi 48797 31995 133.01 1
LISTA_ARISTAS_NOREQ :
CORDENADAS_NODOS :
1 1
1 1
1 1
1 1
1 1
1 1
1 1
1 1
1 1
1 1
1 1
1 1
1 1
1 1
1 1
1 1
1 1
1 1
1 1
1 1
1 1
1 1
1 1
1 1
1 1
1 1
1 1
1 1
1 1
1 1
1 1
1 1
1 1
1 1
1 1
1 1
1 1
1 1
1 1
1 1
1 1
1 1
1 1
1 1
1 1
1 1
1 1
1 1
1 1
1 1
1 1
1 1
1 1
1 1
1 1
1 1
1 1
1 1
1 1
1 1
1 1
1 1
1 1
1 1
1 1
1 1
1 1
1 1
1 1
1 1
1 1
1 1
1 1
1 1
1 1
1 1
1 1
1 1
1 1
1 1
1 1
1 1
1 1
1 1
1 1
1 1
1 1
1 1
1 1
1 1
1 1
1 1
1 1
1 1
1 1
1 1
1 1
1 1
1 1
1 1
1 1
1 1
1 1
1 1
1 1
1 1
1 1
1 1
1 1
1 1
1 1
1 1
1 1
1 1
1 1
1 1
1 1
1 1
1 1
1 1
1 1
1 1
1 1
1 1
1 1
1 1
1 1
1 1
1 1
1 1
1 1
1 1
1 1
1 1
1 1
1 1
1 1
1 1
1 1
1 1
1 1
1 1
1 1
1 1
1 1
1 1
1 1
1 1
1 1
1 1
1 1
1 1
1 1
1 1
1 1
1 1
1 1
1 1
1 1
1 1
1 1
1 1
1 1
1 1
1 1
1 1
1 1
1 1
1 1
1 1
1 1
1 1
1 1
1 1
1 1
1 1
1 1
1 1
1 1
1 1
1 1
1 1
1 1
1 1
1 1
1 1
1 1
1 1
1 1
1 1
1 1
1 1
1 1
1 1
1 1
1 1
1 1
1 1
1 1
1 1
1 1
1 1
1 1
1 1
RESTRICCIONES :
NODOS_INICIALES:
31837
NODOS_TERMINO:
31492