NOMBRE : Renca Mediano
COMENTARIO : Caso real 2
VERTICES : 76
ARISTAS_REQ : 92
ARISTAS_NOREQ : 0
RESTRICCIONES : 0
NODOS_INICIALES : 1
NODOS_TERMINO : 1
LISTA_ARISTAS_REQ : 
uni 31886 31837 26.05 0
uni 31905 31892 84.99 0
uni 31947 31886 193.20 0
uni 31951 31905 193.20 0
uni 31965 31951 86.56 0
uni 31837 31972 151.94 0
uni 31983 31965 193.20 0
uni 31972 31983 193.20 0
uni 31991 31837 193.20 0
uni 31995 32005 193.20 0
uni 32004 31991 107.10 0
uni 32005 32004 153.38 0
uni 32006 31947 193.20 0
uni 32057 32006 193.20 0
uni 32144 32057 120.81 0
uni 31837 32165 110.09 0
uni 32211 32144 65.32 0
uni 32165 32253 193.20 0
uni 32288 32211 65.86 0
uni 32353 32288 50.66 0
uni 32518 32353 193.20 0
uni 32253 32518 179.47 0
uni 32619 32518 193.20 0
uni 32709 32619 193.20 0
uni 32518 32733 193.20 0
uni 32885 32709 144.56 0
uni 32733 32885 193.20 0
uni 31892 48797 20.27 0
bi 31930 31995 163.84 0
bi 31994 31930 193.20 0
bi 32046 31994 193.20 0
bi 32106 32005 33.17 0
bi 32107 32046 37.35 0
bi 32119 32004 193.20 0
bi 32106 32119 124.21 0
bi 32136 31991 193.20 0
bi 32119 32136 193.20 0
bi 32148 51522 48.77 0
bi 32136 32148 193.20 0
bi 32148 32165 193.20 0
bi 32188 32107 193.20 0
bi 32199 32106 191.71 0
bi 32216 32256 193.20 0
bi 32199 32253 193.20 0
bi 32255 32199 128.98 0
bi 32256 32255 193.20 0
bi 32270 32188 117.64 0
bi 32344 32270 193.20 0
bi 32430 32344 22.91 0
bi 32434 32256 11.73 0
bi 32430 32434 193.20 0
bi 32440 51539 44.00 0
bi 32434 32440 44.29 0
bi 32449 51540 100.12 0
bi 32440 32449 193.20 0
bi 32460 32255 145.82 0
bi 32449 32460 179.65 0
bi 32460 32490 193.20 0
bi 32490 32501 193.20 0
bi 32501 32519 88.74 0
bi 32517 32430 51.73 0
bi 32519 32518 193.20 0
bi 32603 32517 193.20 0
bi 32657 32490 150.38 0
bi 32658 32657 95.66 0
bi 32657 51553 193.20 0
bi 32673 32434 193.20 0
bi 32676 32519 89.64 0
bi 32677 32676 125.12 0
bi 32676 51556 176.80 0
bi 32684 32603 154.53 0
bi 32700 32460 193.20 0
bi 32673 32700 74.85 0
bi 32700 32719 25.61 0
bi 32718 32501 83.58 0
bi 32719 32718 160.37 0
bi 32718 32734 109.83 0
bi 32734 32733 71.75 0
bi 32751 32684 193.20 0
bi 32776 32700 53.54 0
bi 32777 32776 63.39 0
bi 32826 32751 51.70 0
bi 32896 32885 111.47 0
bi 32896 32734 193.20 0
bi 32902 32896 193.20 0
bi 32902 32719 130.05 0
bi 32912 32902 188.11 0
bi 32912 32776 193.20 0
bi 32917 32826 193.20 0
bi 32917 32912 45.29 0
bi 32440 52814 132.70 0
bi 31995 48797 175.77 0
LISTA_ARISTAS_NOREQ : 
CORDENADAS_NODOS :  
uni 31886 31837 24.24
uni 31905 31892 47.06
uni 31947 31886 32.86
uni 31951 31905 74.03
uni 31965 31951 48.11
uni 31837 31972 152.08
uni 31983 31965 41.36
uni 31972 31983 41.63
uni 31991 31837 149.58
uni 31995 32005 193.20
uni 31886 31837 24.24
uni 31905 31892 47.06
uni 31947 31886 32.86
uni 31951 31905 74.03
uni 31965 31951 48.11
uni 31837 31972 152.08
uni 31983 31965 41.36
uni 31972 31983 41.63
uni 31991 31837 149.58
uni 31995 32005 193.20
uni 31886 31837 24.24
uni 31905 31892 47.06
uni 31947 31886 32.86
uni 31951 31905 74.03
uni 31965 31951 48.11
uni 31837 31972 152.08
uni 31983 31965 41.36
uni 31972 31983 41.63
uni 31991 31837 149.58
uni 31995 32005 193.20
uni 31886 31837 24.24
uni 31905 31892 47.06
uni 31947 31886 32.86
uni 31951 31905 74.03
uni 31965 31951 48.11
uni 31837 31972 152.08
uni 31983 31965 41.36
uni 31972 31983 41.63
uni 31991 31837 149.58
uni 31995 32005 193.20
uni 31886 31837 24.24
uni 31905 31892 47.06
uni 31947 31886 32.86
uni 31951 31905 74.03
uni 31965 31951 48.11
uni 31837 31972 152.08
uni 31983 31965 41.36
uni 31972 31983 41.63
uni 31991 31837 149.58
uni 31995 32005 193.20
uni 31886 31837 24.24
uni 31905 31892 47.06
uni 31947 31886 32.86
uni 31951 31905 74.03
uni 31965 31951 48.11
uni 31837 31972 152.08
uni 31983 31965 41.36
uni 31972 31983 41.63
uni 31991 31837 149.58
uni 31995 32005 193.20
uni 31886 31837 24.24
uni 31905 31892 47.06
uni 31947 31886 32.86
uni 31951 31905 74.03
uni 31965 31951 48.11
uni 31965 31951 48.11
uni 31837 31972 152.08
uni 31983 31965 41.36
uni 31972 31983 41.63
uni 31991 31837 149.58
uni 31995 32005 193.20
uni 31837 31972 152.08
uni 31983 31965 41.36
uni 31972 31983 41.63
uni 31991 31837 149.58
uni 31995 32005 193.20
RESTRICCIONES :
NODOS_INICIALES:
31837
NODOS_TERMINO:
31965