NOMBRE : Renca Mediano
COMENTARIO : Caso real 2
VERTICES : 76
ARISTAS_REQ : 92
ARISTAS_NOREQ : 0
RESTRICCIONES : 0
NODOS_INICIALES : 1
NODOS_TERMINO : 1
LISTA_ARISTAS_REQ : 
uni 31886 31837 109.49 0
uni 31905 31892 128.02 0
uni 31947 31886 149.85 0
uni 31951 31905 17.23 0
uni 31965 31951 44.72 0
uni 31837 31972 109.23 0
uni 31983 31965 95.88 0
uni 31972 31983 123.61 0
uni 31991 31837 132.26 0
uni 31995 32005 116.97 0
uni 32004 31991 123.28 0
uni 32005 32004 94.84 0
uni 32006 31947 132.26 0
uni 32057 32006 94.84 0
uni 32144 32057 158.99 0
uni 31837 32165 120.79 0
uni 32211 32144 129.23 0
uni 32165 32253 136.49 0
uni 32288 32211 71.93 0
uni 32353 32288 134.42 0
uni 32518 32353 104.13 0
uni 32253 32518 73.88 0
uni 32619 32518 114.64 0
uni 32709 32619 73.56 0
uni 32518 32733 128.81 0
uni 32885 32709 112.39 0
uni 32733 32885 131.31 0
uni 31892 48797 122.53 0
bi 31930 31995 115.46 0
bi 31994 31930 114.87 0
bi 32046 31994 99.60 0
bi 32106 32005 86.05 0
bi 32107 32046 80.71 0
bi 32119 32004 99.80 0
bi 32106 32119 183.76 0
bi 32136 31991 153.15 0
bi 32119 32136 96.45 0
bi 32148 51522 96.92 0
bi 32136 32148 74.02 0
bi 32148 32165 77.66 0
bi 32188 32107 53.51 0
bi 32199 32106 99.04 0
bi 32216 32256 104.89 0
bi 32199 32253 111.71 0
bi 32255 32199 106.49 0
bi 32256 32255 60.55 0
bi 32270 32188 96.95 0
bi 32344 32270 72.46 0
bi 32430 32344 38.00 0
bi 32434 32256 132.19 0
bi 32430 32434 98.81 0
bi 32440 51539 73.18 0
bi 32434 32440 96.68 0
bi 32449 51540 117.94 0
bi 32440 32449 81.84 0
bi 32460 32255 169.16 0
bi 32449 32460 116.16 0
bi 32460 32490 115.73 0
bi 32490 32501 107.43 0
bi 32501 32519 82.54 0
bi 32517 32430 100.20 0
bi 32519 32518 103.36 0
bi 32603 32517 138.11 0
bi 32657 32490 89.67 0
bi 32658 32657 112.80 0
bi 32657 51553 66.52 0
bi 32673 32434 93.56 0
bi 32676 32519 80.38 0
bi 32677 32676 73.52 0
bi 32676 51556 63.31 0
bi 32684 32603 117.29 0
bi 32700 32460 51.52 0
bi 32673 32700 96.86 0
bi 32700 32719 65.52 0
bi 32718 32501 79.73 0
bi 32719 32718 170.29 0
bi 32718 32734 101.20 0
bi 32734 32733 125.67 0
bi 32751 32684 139.43 0
bi 32776 32700 137.49 0
bi 32777 32776 66.19 0
bi 32826 32751 83.07 0
bi 32896 32885 105.62 0
bi 32896 32734 89.95 0
bi 32902 32896 125.18 0
bi 32902 32719 98.74 0
bi 32912 32902 115.85 0
bi 32912 32776 116.18 0
bi 32917 32826 97.86 0
bi 32917 32912 110.26 0
bi 32440 52814 137.58 0
bi 31995 48797 175.28 0
LISTA_ARISTAS_NOREQ : 
CORDENADAS_NODOS :  
uni 31886 31837 24.24
uni 31905 31892 47.06
uni 31947 31886 32.86
uni 31951 31905 74.03
uni 31965 31951 48.11
uni 31837 31972 152.08
uni 31983 31965 41.36
uni 31972 31983 41.63
uni 31991 31837 149.58
uni 31995 32005 193.20
uni 31886 31837 24.24
uni 31905 31892 47.06
uni 31947 31886 32.86
uni 31951 31905 74.03
uni 31965 31951 48.11
uni 31837 31972 152.08
uni 31983 31965 41.36
uni 31972 31983 41.63
uni 31991 31837 149.58
uni 31995 32005 193.20
uni 31886 31837 24.24
uni 31905 31892 47.06
uni 31947 31886 32.86
uni 31951 31905 74.03
uni 31965 31951 48.11
uni 31837 31972 152.08
uni 31983 31965 41.36
uni 31972 31983 41.63
uni 31991 31837 149.58
uni 31995 32005 193.20
uni 31886 31837 24.24
uni 31905 31892 47.06
uni 31947 31886 32.86
uni 31951 31905 74.03
uni 31965 31951 48.11
uni 31837 31972 152.08
uni 31983 31965 41.36
uni 31972 31983 41.63
uni 31991 31837 149.58
uni 31995 32005 193.20
uni 31886 31837 24.24
uni 31905 31892 47.06
uni 31947 31886 32.86
uni 31951 31905 74.03
uni 31965 31951 48.11
uni 31837 31972 152.08
uni 31983 31965 41.36
uni 31972 31983 41.63
uni 31991 31837 149.58
uni 31995 32005 193.20
uni 31886 31837 24.24
uni 31905 31892 47.06
uni 31947 31886 32.86
uni 31951 31905 74.03
uni 31965 31951 48.11
uni 31837 31972 152.08
uni 31983 31965 41.36
uni 31972 31983 41.63
uni 31991 31837 149.58
uni 31995 32005 193.20
uni 31886 31837 24.24
uni 31905 31892 47.06
uni 31947 31886 32.86
uni 31951 31905 74.03
uni 31965 31951 48.11
uni 31965 31951 48.11
uni 31837 31972 152.08
uni 31983 31965 41.36
uni 31972 31983 41.63
uni 31991 31837 149.58
uni 31995 32005 193.20
uni 31837 31972 152.08
uni 31983 31965 41.36
uni 31972 31983 41.63
uni 31991 31837 149.58
uni 31995 32005 193.20
RESTRICCIONES :
NODOS_INICIALES:
31837
NODOS_TERMINO:
31965