NOMBRE : Instancia real grande
COMENTARIO : caso real 
VERTICES : 204 
ARISTAS_REQ : 293
ARISTAS_NOREQ : 0 
RESTRICCIONES : 0 
NODOS_INICIALES : 1 
NODOS_TERMINO : 1 
LISTA_ARISTAS_REQ : 
uni 31492 31752 204.41 1
uni 31752 31766 109.14 1
uni 31766 31794 141.32 1
uni 31773 31492 158.09 1
uni 31793 31773 127.83 1
uni 31794 31809 62.71 1
uni 31809 31826 97.47 1
uni 31818 31793 96.37 1
uni 31826 31818 123.05 1
uni 31829 31818 139.14 1
uni 31849 31829 100.61 1
uni 31871 31849 68.35 1
uni 31886 31837 144.91 1
uni 48797 31871 177.12 1
uni 31818 31995 124.43 1
uni 31905 31892 131.37 1
uni 31947 31886 125.16 1
uni 31951 31905 133.82 1
uni 31965 31951 147.71 1
uni 31837 31972 150.65 1
uni 31983 31965 128.22 1
uni 31972 31983 127.80 1
uni 31991 31837 106.51 1
uni 31995 32005 141.67 1
uni 32004 31991 58.34 1
uni 32005 32004 104.39 1
uni 32006 31947 125.61 1
uni 32057 32006 66.62 1
uni 32144 32057 116.65 1
uni 31837 32165 132.71 1
uni 32211 32144 203.43 1
uni 32165 32253 74.95 1
uni 32288 32211 79.62 1
uni 32353 32288 127.53 1
uni 32518 32353 145.16 1
uni 32253 32518 106.87 1
uni 32619 32518 143.57 1
uni 32709 32619 58.16 1
uni 32518 32733 59.86 1
uni 32815 32735 58.21 1
uni 32885 32709 147.24 1
uni 32733 32885 121.72 1
uni 32887 32815 130.16 1
uni 32887 47103 102.34 1
bi 32735 47103 123.57 1
uni 31892 48797 86.13 1
bi 31833 31492 122.70 1
bi 31840 31794 146.22 1
bi 31850 31818 211.99 1
bi 31840 31850 149.89 1
bi 31853 31752 109.28 1
bi 31833 31853 121.20 1
bi 31902 31840 82.32 1
bi 31913 31850 66.82 1
bi 31902 31913 165.47 1
bi 31920 51511 93.96 1
bi 31930 31995 107.16 1
bi 31913 31930 101.06 1
bi 31931 31853 103.89 1
bi 31920 31931 89.74 1
bi 31936 31920 103.73 1
bi 31937 31766 108.96 1
bi 31931 31937 122.46 1
bi 31941 31902 109.13 1
bi 31937 31941 79.92 1
bi 31973 31941 121.12 1
bi 31973 31982 123.84 1
bi 31981 31913 116.70 1
bi 31982 31981 114.09 1
bi 31984 31833 92.67 1
bi 31994 31930 152.56 1
bi 31981 31994 58.50 1
bi 32011 31931 147.81 1
bi 31984 32011 136.90 1
bi 32035 31973 111.84 1
bi 32041 31982 106.77 1
bi 32035 32041 79.98 1
bi 32044 31981 100.98 1
bi 32041 32044 106.83 1
bi 32046 31994 178.96 1
bi 32044 32046 128.06 1
bi 32068 32011 129.61 1
bi 32072 31937 124.45 1
bi 32068 32072 88.14 1
bi 32086 32035 126.14 1
bi 32072 32086 188.68 1
bi 32095 32041 78.68 1
bi 32086 32095 154.93 1
bi 32101 32044 93.65 1
bi 32095 32101 122.43 1
bi 32106 32005 100.69 1
bi 32107 32046 63.10 1
bi 32101 32107 125.51 1
bi 32119 32004 210.50 1
bi 32106 32119 143.12 1
bi 32125 31984 84.09 1
bi 32136 31991 106.72 1
bi 32119 32136 83.32 1
bi 32138 32068 93.07 1
bi 32139 32138 87.72 1
bi 32148 51522 148.57 1
bi 32136 32148 88.49 1
bi 32148 32165 128.07 1
bi 32166 32086 101.48 1
bi 32173 32095 62.31 1
bi 32166 32173 139.18 1
bi 32177 32101 172.66 1
bi 32173 32177 109.03 1
bi 32188 32107 143.73 1
bi 32177 32188 148.72 1
bi 32199 32106 117.41 1
bi 32216 32256 57.96 1
bi 32217 32139 97.23 1
bi 32226 32138 132.07 1
bi 32217 32226 130.55 1
bi 32240 32072 144.10 1
bi 32243 32166 118.69 1
bi 32240 32243 82.82 1
bi 32243 32248 117.71 1
bi 32247 32173 131.78 1
bi 32248 32247 88.28 1
bi 32199 32253 157.91 1
bi 32255 32199 112.69 1
bi 32256 32255 128.78 1
bi 32263 32177 134.03 1
bi 32247 32263 180.51 1
bi 32263 32271 103.58 1
bi 32270 32188 25.09 1
bi 32271 32270 62.98 1
bi 32303 32217 96.74 1
bi 32304 51531 160.07 1
bi 32303 32304 121.23 1
bi 32308 51533 148.82 1
bi 32311 32226 133.32 1
bi 32308 32311 156.30 1
bi 32314 32304 128.97 1
bi 32317 32308 72.54 1
bi 32323 32248 119.80 1
bi 32332 32263 135.84 1
bi 32323 32332 75.38 1
bi 32341 32271 109.29 1
bi 32332 32341 67.75 1
bi 32344 32270 98.07 1
bi 32341 32344 69.87 1
bi 32393 32303 74.54 1
bi 32405 32311 71.39 1
bi 32393 32405 140.13 1
bi 32408 32240 119.27 1
bi 32405 32408 66.53 1
bi 32409 32243 102.30 1
bi 32408 32409 115.52 1
bi 32413 32323 78.61 1
bi 32409 32413 110.74 1
bi 32413 32421 70.21 1
bi 32420 32332 113.00 1
bi 32421 32420 208.97 1
bi 32420 32425 112.74 1
bi 32424 32341 70.00 1
bi 32425 32424 222.89 1
bi 32430 32344 80.77 1
bi 32424 32430 95.96 1
bi 32434 32256 136.84 1
bi 32430 32434 95.52 1
bi 32440 51539 93.38 1
bi 32434 32440 97.01 1
bi 32449 51540 39.87 1
bi 32440 32449 78.35 1
bi 32460 32255 181.82 1
bi 32449 32460 155.85 1
bi 32460 32490 167.73 1
bi 32475 32393 116.96 1
bi 32481 51542 179.67 1
bi 32475 32481 120.30 1
bi 32482 51543 96.21 1
bi 32485 32405 136.73 1
bi 32482 32485 33.97 1
bi 32490 32501 125.36 1
bi 32494 32481 28.98 1
bi 32496 32482 53.56 1
bi 32497 32421 130.49 1
bi 32501 32519 106.89 1
bi 32506 32420 127.08 1
bi 32497 32506 76.41 1
bi 32513 32424 149.62 1
bi 32517 32430 128.50 1
bi 32513 32517 123.71 1
bi 32519 32518 111.90 1
bi 32554 32475 101.89 1
bi 32554 32560 44.17 1
bi 32559 32485 132.21 1
bi 32560 32559 124.43 1
bi 32562 32408 72.33 1
bi 32559 32562 52.27 1
bi 32565 32409 72.29 1
bi 32562 32565 92.98 1
bi 32569 32413 53.68 1
bi 32565 32569 19.98 1
bi 32574 32497 80.57 1
bi 32569 32574 122.96 1
bi 32583 32506 53.91 1
bi 32574 32583 130.50 1
bi 32585 32425 119.67 1
bi 32583 32585 114.42 1
bi 32591 32513 31.86 1
bi 32585 32591 161.65 1
bi 32603 32517 60.34 1
bi 32591 32603 39.28 1
bi 32657 32490 128.58 1
bi 32658 32657 90.07 1
bi 32657 51553 135.61 1
bi 32660 32565 110.01 1
bi 32668 32574 140.75 1
bi 32660 32668 160.88 1
bi 32672 32583 106.83 1
bi 32668 32672 52.55 1
bi 32673 32434 116.46 1
bi 32676 32519 116.99 1
bi 32677 32676 94.70 1
bi 32678 32591 56.90 1
bi 32672 32678 117.14 1
bi 32676 51556 126.17 1
bi 32684 32603 140.66 1
bi 32678 32684 121.87 1
bi 32700 32460 102.66 1
bi 32673 32700 114.96 1
bi 32700 32719 138.61 1
bi 32718 32501 199.32 1
bi 32719 32718 198.13 1
bi 32718 32734 109.12 1
bi 32722 32562 87.36 1
bi 32724 32660 114.09 1
bi 32722 32724 131.28 1
bi 32729 32722 79.50 1
bi 32729 32559 107.23 1
bi 32734 32733 116.82 1
bi 32735 32554 104.76 1
bi 32739 32668 89.33 1
bi 32724 32739 82.57 1
bi 32740 32560 167.21 1
bi 32735 32740 161.24 1
bi 32740 32729 124.85 1
bi 32742 32672 62.73 1
bi 32739 32742 98.70 1
bi 32746 32678 150.27 1
bi 32742 32746 57.60 1
bi 32751 32684 113.83 1
bi 32746 32751 116.38 1
bi 32763 32722 108.97 1
bi 32769 32739 119.76 1
bi 32773 51563 118.44 1
bi 32776 32700 65.43 1
bi 32777 32776 161.09 1
bi 32794 51566 58.18 1
bi 32811 51567 154.61 1
bi 32811 32729 101.74 1
bi 32812 51563 132.09 1
bi 32819 32742 120.65 1
bi 32812 32819 39.83 1
bi 32815 32811 123.95 1
bi 32823 51566 94.42 1
bi 32826 32751 66.90 1
bi 32823 32826 141.85 1
bi 32850 32773 145.89 1
bi 32852 32812 92.34 1
bi 32850 32852 136.65 1
bi 32858 32794 72.22 1
bi 32860 32823 177.76 1
bi 32858 32860 146.74 1
bi 32892 32811 122.26 1
bi 32887 32892 61.24 1
bi 32895 51567 56.36 1
bi 32892 32895 146.69 1
bi 32896 32885 120.69 1
bi 32896 32734 152.98 1
bi 32897 32724 162.71 1
bi 32895 32897 121.71 1
bi 32901 32852 78.05 1
bi 32897 32901 117.51 1
bi 32902 32896 137.29 1
bi 32902 32719 54.39 1
bi 32910 32819 177.31 1
bi 32901 32910 142.11 1
bi 32912 32902 120.48 1
bi 32912 32776 83.95 1
bi 32913 32860 74.61 1
bi 32910 32913 87.72 1
bi 32917 32826 138.46 1
bi 32913 32917 102.67 1
bi 32917 32912 101.87 1
bi 32440 52814 116.47 1
bi 32125 32139 114.78 1
bi 31995 48797 134.60 1
bi 48797 31995 106.41 1
LISTA_ARISTAS_NOREQ :
CORDENADAS_NODOS :
1 1
1 1
1 1
1 1
1 1
1 1
1 1
1 1
1 1
1 1
1 1
1 1
1 1
1 1
1 1
1 1
1 1
1 1
1 1
1 1
1 1
1 1
1 1
1 1
1 1
1 1
1 1
1 1
1 1
1 1
1 1
1 1
1 1
1 1
1 1
1 1
1 1
1 1
1 1
1 1
1 1
1 1
1 1
1 1
1 1
1 1
1 1
1 1
1 1
1 1
1 1
1 1
1 1
1 1
1 1
1 1
1 1
1 1
1 1
1 1
1 1
1 1
1 1
1 1
1 1
1 1
1 1
1 1
1 1
1 1
1 1
1 1
1 1
1 1
1 1
1 1
1 1
1 1
1 1
1 1
1 1
1 1
1 1
1 1
1 1
1 1
1 1
1 1
1 1
1 1
1 1
1 1
1 1
1 1
1 1
1 1
1 1
1 1
1 1
1 1
1 1
1 1
1 1
1 1
1 1
1 1
1 1
1 1
1 1
1 1
1 1
1 1
1 1
1 1
1 1
1 1
1 1
1 1
1 1
1 1
1 1
1 1
1 1
1 1
1 1
1 1
1 1
1 1
1 1
1 1
1 1
1 1
1 1
1 1
1 1
1 1
1 1
1 1
1 1
1 1
1 1
1 1
1 1
1 1
1 1
1 1
1 1
1 1
1 1
1 1
1 1
1 1
1 1
1 1
1 1
1 1
1 1
1 1
1 1
1 1
1 1
1 1
1 1
1 1
1 1
1 1
1 1
1 1
1 1
1 1
1 1
1 1
1 1
1 1
1 1
1 1
1 1
1 1
1 1
1 1
1 1
1 1
1 1
1 1
1 1
1 1
1 1
1 1
1 1
1 1
1 1
1 1
1 1
1 1
1 1
1 1
1 1
1 1
1 1
1 1
1 1
1 1
1 1
1 1
RESTRICCIONES :
NODOS_INICIALES:
31837
NODOS_TERMINO:
31492