NOMBRE : Renca Mediano
COMENTARIO : Caso real 2
VERTICES : 76
ARISTAS_REQ : 92
ARISTAS_NOREQ : 0
RESTRICCIONES : 0
NODOS_INICIALES : 1
NODOS_TERMINO : 1
LISTA_ARISTAS_REQ :
uni 31886 31837 24.24 0
uni 31905 31892 47.06 0
uni 31947 31886 32.86 0
uni 31951 31905 74.03 0
uni 31965 31951 48.11 0
uni 31837 31972 152.08 0
uni 31983 31965 41.36 0
uni 31972 31983 41.63 0
uni 31991 31837 149.58 0
uni 31995 32005 193.20 0
uni 32004 31991 37.28 0
uni 32005 32004 46.05 0
uni 32006 31947 33.20 0
uni 32057 32006 35.61 0
uni 32144 32057 45.62 0
uni 31837 32165 183.94 0
uni 32211 32144 34.15 0
uni 32165 32253 43.91 0
uni 32288 32211 35.26 0
uni 32353 32288 33.32 0
uni 32518 32353 81.60 0
uni 32253 32518 129.45 0
uni 32619 32518 49.62 0
uni 32709 32619 43.81 0
uni 32518 32733 112.94 0
uni 32885 32709 109.29 0
uni 32733 32885 91.05 0
uni 31892 48797 15.63 0
bi 31930 31995 13.30 0
bi 31994 31930 33.70 0
bi 32046 31994 34.29 0
bi 32106 32005 71.16 0
bi 32107 32046 35.81 0
bi 32119 32004 72.73 0
bi 32106 32119 46.09 0
bi 32136 31991 86.68 0
bi 32119 32136 43.02 0
bi 32148 51522 71.39 0
bi 32136 32148 42.95 0
bi 32148 32165 39.80 0
bi 32188 32107 34.20 0
bi 32199 32106 43.48 0
bi 32216 32256 12.02 0
bi 32199 32253 171.44 0
bi 32255 32199 24.68 0
bi 32256 32255 115.21 0
bi 32270 32188 37.01 0
bi 32344 32270 38.43 0
bi 32430 32344 37.87 0
bi 32434 32256 104.04 0
bi 32430 32434 42.30 0
bi 32440 51539 77.93 0
bi 32434 32440 25.30 0
bi 32449 51540 75.12 0
bi 32440 32449 24.92 0
bi 32460 32255 104.21 0
bi 32449 32460 42.19 0
bi 32460 32490 39.91 0
bi 32490 32501 37.90 0
bi 32501 32519 38.21 0
bi 32517 32430 41.58 0
bi 32519 32518 59.97 0
bi 32603 32517 38.61 0
bi 32657 32490 82.85 0
bi 32658 32657 14.72 0
bi 32657 51553 14.04 0
bi 32673 32434 108.72 0
bi 32676 32519 83.02 0
bi 32677 32676 15.44 0
bi 32676 51556 13.63 0
bi 32684 32603 38.72 0
bi 32700 32460 111.69 0
bi 32673 32700 81.86 0
bi 32700 32719 62.41 0
bi 32718 32501 110.52 0
bi 32719 32718 15.54 0
bi 32718 32734 29.36 0
bi 32734 32733 48.28 0
bi 32751 32684 39.30 0
bi 32776 32700 42.20 0
bi 32777 32776 92.94 0
bi 32826 32751 38.60 0
bi 32896 32885 55.94 0
bi 32896 32734 102.52 0
bi 32902 32896 45.74 0
bi 32902 32719 112.13 0
bi 32912 32902 50.93 0
bi 32912 32776 79.56 0
bi 32917 32826 57.06 0
bi 32917 32912 111.83 0
bi 32440 52814 77.41 0
bi 31995 48797 11.42 0
LISTA_ARISTAS_NOREQ :
CORDENADAS_NODOS :  
RESTRICCIONES :
NODOS_INICIALES:
31837
NODOS_TERMINO:
31965