NOMBRE : Instancia real grande
COMENTARIO : caso real 
VERTICES : 204 
ARISTAS_REQ : 293
ARISTAS_NOREQ : 0 
RESTRICCIONES : 0 
NODOS_INICIALES : 1 
NODOS_TERMINO : 1 
LISTA_ARISTAS_REQ : 
uni 31492 31752 222.89 1
uni 31752 31766 129.22 1
uni 31766 31794 200.37 1
uni 31773 31492 222.89 1
uni 31793 31773 19.09 1
uni 31794 31809 17.02 1
uni 31809 31826 222.89 1
uni 31818 31793 108.15 1
uni 31826 31818 222.89 1
uni 31829 31818 103.97 1
uni 31849 31829 222.89 1
uni 31871 31849 85.13 1
uni 31886 31837 222.89 1
uni 48797 31871 45.48 1
uni 31818 31995 64.80 1
uni 31905 31892 209.60 1
uni 31947 31886 222.89 1
uni 31951 31905 44.14 1
uni 31965 31951 192.73 1
uni 31837 31972 222.89 1
uni 31983 31965 173.92 1
uni 31972 31983 222.89 1
uni 31991 31837 219.41 1
uni 31995 32005 222.89 1
uni 32004 31991 57.47 1
uni 32005 32004 124.06 1
uni 32006 31947 222.89 1
uni 32057 32006 167.23 1
uni 32144 32057 222.89 1
uni 31837 32165 152.57 1
uni 32211 32144 25.38 1
uni 32165 32253 56.11 1
uni 32288 32211 99.25 1
uni 32353 32288 122.55 1
uni 32518 32353 141.85 1
uni 32253 32518 178.80 1
uni 32619 32518 222.89 1
uni 32709 32619 52.05 1
uni 32518 32733 222.89 1
uni 32815 32735 173.11 1
uni 32885 32709 222.89 1
uni 32733 32885 82.28 1
uni 32887 32815 222.89 1
uni 32887 47103 216.60 1
bi 32735 47103 159.20 1
uni 31892 48797 57.90 1
bi 31833 31492 179.81 1
bi 31840 31794 156.69 1
bi 31850 31818 30.34 1
bi 31840 31850 112.70 1
bi 31853 31752 115.71 1
bi 31833 31853 222.89 1
bi 31902 31840 222.89 1
bi 31913 31850 222.89 1
bi 31902 31913 142.62 1
bi 31920 51511 222.89 1
bi 31930 31995 222.89 1
bi 31913 31930 146.06 1
bi 31931 31853 197.56 1
bi 31920 31931 222.89 1
bi 31936 31920 222.89 1
bi 31937 31766 129.59 1
bi 31931 31937 222.89 1
bi 31941 31902 213.13 1
bi 31937 31941 222.89 1
bi 31973 31941 222.89 1
bi 31973 31982 97.63 1
bi 31981 31913 61.37 1
bi 31982 31981 44.46 1
bi 31984 31833 128.09 1
bi 31994 31930 113.36 1
bi 31981 31994 222.89 1
bi 32011 31931 19.68 1
bi 31984 32011 221.34 1
bi 32035 31973 222.89 1
bi 32041 31982 74.99 1
bi 32035 32041 222.89 1
bi 32044 31981 63.66 1
bi 32041 32044 49.50 1
bi 32046 31994 222.89 1
bi 32044 32046 158.71 1
bi 32068 32011 222.89 1
bi 32072 31937 141.78 1
bi 32068 32072 222.89 1
bi 32086 32035 207.57 1
bi 32072 32086 123.97 1
bi 32095 32041 222.89 1
bi 32086 32095 145.42 1
bi 32101 32044 165.57 1
bi 32095 32101 222.89 1
bi 32106 32005 136.47 1
bi 32107 32046 171.17 1
bi 32101 32107 75.89 1
bi 32119 32004 33.83 1
bi 32106 32119 113.47 1
bi 32125 31984 222.89 1
bi 32136 31991 222.89 1
bi 32119 32136 222.89 1
bi 32138 32068 110.09 1
bi 32139 32138 93.91 1
bi 32148 51522 222.89 1
bi 32136 32148 222.89 1
bi 32148 32165 151.93 1
bi 32166 32086 222.89 1
bi 32173 32095 24.98 1
bi 32166 32173 222.89 1
bi 32177 32101 222.89 1
bi 32173 32177 222.89 1
bi 32188 32107 134.24 1
bi 32177 32188 150.55 1
bi 32199 32106 44.02 1
bi 32216 32256 187.32 1
bi 32217 32139 214.34 1
bi 32226 32138 222.89 1
bi 32217 32226 222.89 1
bi 32240 32072 222.89 1
bi 32243 32166 222.89 1
bi 32240 32243 154.20 1
bi 32243 32248 93.38 1
bi 32247 32173 211.33 1
bi 32248 32247 143.40 1
bi 32199 32253 222.89 1
bi 32255 32199 222.89 1
bi 32256 32255 112.75 1
bi 32263 32177 52.45 1
bi 32247 32263 64.96 1
bi 32263 32271 222.89 1
bi 32270 32188 149.36 1
bi 32271 32270 222.89 1
bi 32303 32217 222.89 1
bi 32304 51531 92.90 1
bi 32303 32304 222.89 1
bi 32308 51533 171.31 1
bi 32311 32226 108.94 1
bi 32308 32311 200.91 1
bi 32314 32304 222.89 1
bi 32317 32308 200.42 1
bi 32323 32248 181.56 1
bi 32332 32263 222.89 1
bi 32323 32332 222.89 1
bi 32341 32271 222.89 1
bi 32332 32341 222.89 1
bi 32344 32270 189.91 1
bi 32341 32344 222.89 1
bi 32393 32303 13.13 1
bi 32405 32311 222.89 1
bi 32393 32405 222.89 1
bi 32408 32240 222.89 1
bi 32405 32408 77.54 1
bi 32409 32243 117.70 1
bi 32408 32409 187.66 1
bi 32413 32323 217.68 1
bi 32409 32413 222.89 1
bi 32413 32421 151.98 1
bi 32420 32332 222.89 1
bi 32421 32420 46.73 1
bi 32420 32425 110.04 1
bi 32424 32341 103.36 1
bi 32425 32424 222.89 1
bi 32430 32344 222.89 1
bi 32424 32430 222.89 1
bi 32434 32256 222.89 1
bi 32430 32434 197.83 1
bi 32440 51539 192.91 1
bi 32434 32440 143.81 1
bi 32449 51540 222.89 1
bi 32440 32449 222.89 1
bi 32460 32255 77.71 1
bi 32449 32460 219.34 1
bi 32460 32490 100.24 1
bi 32475 32393 69.04 1
bi 32481 51542 134.90 1
bi 32475 32481 133.52 1
bi 32482 51543 172.55 1
bi 32485 32405 165.51 1
bi 32482 32485 222.89 1
bi 32490 32501 222.89 1
bi 32494 32481 222.89 1
bi 32496 32482 68.28 1
bi 32497 32421 188.03 1
bi 32501 32519 163.50 1
bi 32506 32420 100.69 1
bi 32497 32506 222.89 1
bi 32513 32424 222.89 1
bi 32517 32430 222.89 1
bi 32513 32517 57.95 1
bi 32519 32518 92.18 1
bi 32554 32475 181.14 1
bi 32554 32560 222.89 1
bi 32559 32485 84.54 1
bi 32560 32559 210.79 1
bi 32562 32408 205.42 1
bi 32559 32562 151.39 1
bi 32565 32409 222.89 1
bi 32562 32565 222.89 1
bi 32569 32413 222.89 1
bi 32565 32569 98.26 1
bi 32574 32497 155.75 1
bi 32569 32574 102.20 1
bi 32583 32506 75.12 1
bi 32574 32583 150.51 1
bi 32585 32425 77.71 1
bi 32583 32585 222.89 1
bi 32591 32513 222.89 1
bi 32585 32591 91.15 1
bi 32603 32517 40.01 1
bi 32591 32603 222.89 1
bi 32657 32490 222.89 1
bi 32658 32657 222.89 1
bi 32657 51553 25.18 1
bi 32660 32565 206.29 1
bi 32668 32574 222.89 1
bi 32660 32668 222.89 1
bi 32672 32583 84.29 1
bi 32668 32672 222.89 1
bi 32673 32434 132.94 1
bi 32676 32519 74.21 1
bi 32677 32676 101.65 1
bi 32678 32591 132.92 1
bi 32672 32678 135.05 1
bi 32676 51556 73.36 1
bi 32684 32603 115.79 1
bi 32678 32684 222.89 1
bi 32700 32460 201.25 1
bi 32673 32700 222.89 1
bi 32700 32719 28.73 1
bi 32718 32501 55.64 1
bi 32719 32718 222.89 1
bi 32718 32734 222.89 1
bi 32722 32562 222.89 1
bi 32724 32660 222.89 1
bi 32722 32724 222.89 1
bi 32729 32722 210.11 1
bi 32729 32559 222.89 1
bi 32734 32733 222.89 1
bi 32735 32554 222.89 1
bi 32739 32668 57.96 1
bi 32724 32739 222.89 1
bi 32740 32560 111.85 1
bi 32735 32740 222.89 1
bi 32740 32729 222.89 1
bi 32742 32672 103.70 1
bi 32739 32742 222.89 1
bi 32746 32678 91.83 1
bi 32742 32746 47.87 1
bi 32751 32684 174.03 1
bi 32746 32751 47.56 1
bi 32763 32722 222.89 1
bi 32769 32739 222.89 1
bi 32773 51563 121.96 1
bi 32776 32700 77.06 1
bi 32777 32776 222.89 1
bi 32794 51566 195.51 1
bi 32811 51567 51.90 1
bi 32811 32729 76.31 1
bi 32812 51563 148.26 1
bi 32819 32742 196.35 1
bi 32812 32819 61.04 1
bi 32815 32811 132.12 1
bi 32823 51566 182.66 1
bi 32826 32751 70.09 1
bi 32823 32826 222.89 1
bi 32850 32773 222.89 1
bi 32852 32812 222.89 1
bi 32850 32852 196.93 1
bi 32858 32794 222.89 1
bi 32860 32823 154.80 1
bi 32858 32860 86.42 1
bi 32892 32811 179.16 1
bi 32887 32892 161.84 1
bi 32895 51567 222.89 1
bi 32892 32895 222.89 1
bi 32896 32885 13.46 1
bi 32896 32734 222.89 1
bi 32897 32724 94.43 1
bi 32895 32897 222.89 1
bi 32901 32852 196.67 1
bi 32897 32901 77.20 1
bi 32902 32896 222.89 1
bi 32902 32719 43.36 1
bi 32910 32819 222.89 1
bi 32901 32910 72.61 1
bi 32912 32902 110.82 1
bi 32912 32776 222.89 1
bi 32913 32860 215.22 1
bi 32910 32913 222.89 1
bi 32917 32826 222.89 1
bi 32913 32917 222.89 1
bi 32917 32912 185.17 1
bi 32440 52814 100.82 1
bi 32125 32139 222.89 1
bi 31995 48797 177.26 1
bi 48797 31995 222.89 1
LISTA_ARISTAS_NOREQ :
CORDENADAS_NODOS :
1 1
1 1
1 1
1 1
1 1
1 1
1 1
1 1
1 1
1 1
1 1
1 1
1 1
1 1
1 1
1 1
1 1
1 1
1 1
1 1
1 1
1 1
1 1
1 1
1 1
1 1
1 1
1 1
1 1
1 1
1 1
1 1
1 1
1 1
1 1
1 1
1 1
1 1
1 1
1 1
1 1
1 1
1 1
1 1
1 1
1 1
1 1
1 1
1 1
1 1
1 1
1 1
1 1
1 1
1 1
1 1
1 1
1 1
1 1
1 1
1 1
1 1
1 1
1 1
1 1
1 1
1 1
1 1
1 1
1 1
1 1
1 1
1 1
1 1
1 1
1 1
1 1
1 1
1 1
1 1
1 1
1 1
1 1
1 1
1 1
1 1
1 1
1 1
1 1
1 1
1 1
1 1
1 1
1 1
1 1
1 1
1 1
1 1
1 1
1 1
1 1
1 1
1 1
1 1
1 1
1 1
1 1
1 1
1 1
1 1
1 1
1 1
1 1
1 1
1 1
1 1
1 1
1 1
1 1
1 1
1 1
1 1
1 1
1 1
1 1
1 1
1 1
1 1
1 1
1 1
1 1
1 1
1 1
1 1
1 1
1 1
1 1
1 1
1 1
1 1
1 1
1 1
1 1
1 1
1 1
1 1
1 1
1 1
1 1
1 1
1 1
1 1
1 1
1 1
1 1
1 1
1 1
1 1
1 1
1 1
1 1
1 1
1 1
1 1
1 1
1 1
1 1
1 1
1 1
1 1
1 1
1 1
1 1
1 1
1 1
1 1
1 1
1 1
1 1
1 1
1 1
1 1
1 1
1 1
1 1
1 1
1 1
1 1
1 1
1 1
1 1
1 1
1 1
1 1
1 1
1 1
1 1
1 1
1 1
1 1
1 1
1 1
1 1
1 1
RESTRICCIONES :
NODOS_INICIALES:
31837
NODOS_TERMINO:
31492