NOMBRE : Instancia real grande
COMENTARIO : caso real 
VERTICES : 204 
ARISTAS_REQ : 293
ARISTAS_NOREQ : 0 
RESTRICCIONES : 0 
NODOS_INICIALES : 1 
NODOS_TERMINO : 1 
LISTA_ARISTAS_REQ : 
uni 31492 31752 82.54 1
uni 31752 31766 94.36 1
uni 31766 31794 74.27 1
uni 31773 31492 123.64 1
uni 31793 31773 113.59 1
uni 31794 31809 158.41 1
uni 31809 31826 128.44 1
uni 31818 31793 94.34 1
uni 31826 31818 141.60 1
uni 31829 31818 94.38 1
uni 31849 31829 98.81 1
uni 31871 31849 103.37 1
uni 31886 31837 163.74 1
uni 48797 31871 54.22 1
uni 31818 31995 106.12 1
uni 31905 31892 78.38 1
uni 31947 31886 150.87 1
uni 31951 31905 86.02 1
uni 31965 31951 158.35 1
uni 31837 31972 149.70 1
uni 31983 31965 154.51 1
uni 31972 31983 108.65 1
uni 31991 31837 135.62 1
uni 31995 32005 118.41 1
uni 32004 31991 78.96 1
uni 32005 32004 70.31 1
uni 32006 31947 110.01 1
uni 32057 32006 97.37 1
uni 32144 32057 147.19 1
uni 31837 32165 4.84 1
uni 32211 32144 126.42 1
uni 32165 32253 110.24 1
uni 32288 32211 97.56 1
uni 32353 32288 138.32 1
uni 32518 32353 131.27 1
uni 32253 32518 118.12 1
uni 32619 32518 138.77 1
uni 32709 32619 73.01 1
uni 32518 32733 112.90 1
uni 32815 32735 149.91 1
uni 32885 32709 53.50 1
uni 32733 32885 164.64 1
uni 32887 32815 132.56 1
uni 32887 47103 142.44 1
bi 32735 47103 175.26 1
uni 31892 48797 106.20 1
bi 31833 31492 86.83 1
bi 31840 31794 141.95 1
bi 31850 31818 192.71 1
bi 31840 31850 158.02 1
bi 31853 31752 120.25 1
bi 31833 31853 170.51 1
bi 31902 31840 167.01 1
bi 31913 31850 96.89 1
bi 31902 31913 105.28 1
bi 31920 51511 89.54 1
bi 31930 31995 106.13 1
bi 31913 31930 136.87 1
bi 31931 31853 143.32 1
bi 31920 31931 95.73 1
bi 31936 31920 126.25 1
bi 31937 31766 92.45 1
bi 31931 31937 99.83 1
bi 31941 31902 71.84 1
bi 31937 31941 125.59 1
bi 31973 31941 67.63 1
bi 31973 31982 124.56 1
bi 31981 31913 133.24 1
bi 31982 31981 38.03 1
bi 31984 31833 159.71 1
bi 31994 31930 134.99 1
bi 31981 31994 138.96 1
bi 32011 31931 129.80 1
bi 31984 32011 152.65 1
bi 32035 31973 126.84 1
bi 32041 31982 151.58 1
bi 32035 32041 44.78 1
bi 32044 31981 181.31 1
bi 32041 32044 60.31 1
bi 32046 31994 157.80 1
bi 32044 32046 126.49 1
bi 32068 32011 168.68 1
bi 32072 31937 102.00 1
bi 32068 32072 87.49 1
bi 32086 32035 150.16 1
bi 32072 32086 134.12 1
bi 32095 32041 119.63 1
bi 32086 32095 186.83 1
bi 32101 32044 70.48 1
bi 32095 32101 162.62 1
bi 32106 32005 118.54 1
bi 32107 32046 73.39 1
bi 32101 32107 83.75 1
bi 32119 32004 33.48 1
bi 32106 32119 10.09 1
bi 32125 31984 129.48 1
bi 32136 31991 88.31 1
bi 32119 32136 96.92 1
bi 32138 32068 108.82 1
bi 32139 32138 90.69 1
bi 32148 51522 18.71 1
bi 32136 32148 164.84 1
bi 32148 32165 154.30 1
bi 32166 32086 156.30 1
bi 32173 32095 186.49 1
bi 32166 32173 58.11 1
bi 32177 32101 170.71 1
bi 32173 32177 91.61 1
bi 32188 32107 80.47 1
bi 32177 32188 157.29 1
bi 32199 32106 43.10 1
bi 32216 32256 169.84 1
bi 32217 32139 99.43 1
bi 32226 32138 138.97 1
bi 32217 32226 130.09 1
bi 32240 32072 117.61 1
bi 32243 32166 136.70 1
bi 32240 32243 203.96 1
bi 32243 32248 114.57 1
bi 32247 32173 107.09 1
bi 32248 32247 126.20 1
bi 32199 32253 86.50 1
bi 32255 32199 29.35 1
bi 32256 32255 138.13 1
bi 32263 32177 132.75 1
bi 32247 32263 121.51 1
bi 32263 32271 92.94 1
bi 32270 32188 116.65 1
bi 32271 32270 50.20 1
bi 32303 32217 63.42 1
bi 32304 51531 125.04 1
bi 32303 32304 38.30 1
bi 32308 51533 110.00 1
bi 32311 32226 94.57 1
bi 32308 32311 135.61 1
bi 32314 32304 122.61 1
bi 32317 32308 150.92 1
bi 32323 32248 92.12 1
bi 32332 32263 81.13 1
bi 32323 32332 94.67 1
bi 32341 32271 58.79 1
bi 32332 32341 98.52 1
bi 32344 32270 126.93 1
bi 32341 32344 160.87 1
bi 32393 32303 121.27 1
bi 32405 32311 101.38 1
bi 32393 32405 112.69 1
bi 32408 32240 148.91 1
bi 32405 32408 134.55 1
bi 32409 32243 69.06 1
bi 32408 32409 79.23 1
bi 32413 32323 107.74 1
bi 32409 32413 139.07 1
bi 32413 32421 150.65 1
bi 32420 32332 151.92 1
bi 32421 32420 102.28 1
bi 32420 32425 74.20 1
bi 32424 32341 100.44 1
bi 32425 32424 128.40 1
bi 32430 32344 135.78 1
bi 32424 32430 76.96 1
bi 32434 32256 109.63 1
bi 32430 32434 96.26 1
bi 32440 51539 88.84 1
bi 32434 32440 92.45 1
bi 32449 51540 81.74 1
bi 32440 32449 131.79 1
bi 32460 32255 92.59 1
bi 32449 32460 121.25 1
bi 32460 32490 88.55 1
bi 32475 32393 155.07 1
bi 32481 51542 44.81 1
bi 32475 32481 93.84 1
bi 32482 51543 118.19 1
bi 32485 32405 148.72 1
bi 32482 32485 135.44 1
bi 32490 32501 130.39 1
bi 32494 32481 140.86 1
bi 32496 32482 77.92 1
bi 32497 32421 121.46 1
bi 32501 32519 97.41 1
bi 32506 32420 85.69 1
bi 32497 32506 113.90 1
bi 32513 32424 70.50 1
bi 32517 32430 92.46 1
bi 32513 32517 72.51 1
bi 32519 32518 145.63 1
bi 32554 32475 126.67 1
bi 32554 32560 77.08 1
bi 32559 32485 135.67 1
bi 32560 32559 116.01 1
bi 32562 32408 130.42 1
bi 32559 32562 141.90 1
bi 32565 32409 112.95 1
bi 32562 32565 92.93 1
bi 32569 32413 119.59 1
bi 32565 32569 108.05 1
bi 32574 32497 141.35 1
bi 32569 32574 85.24 1
bi 32583 32506 104.66 1
bi 32574 32583 149.01 1
bi 32585 32425 143.45 1
bi 32583 32585 46.61 1
bi 32591 32513 101.81 1
bi 32585 32591 155.78 1
bi 32603 32517 49.12 1
bi 32591 32603 117.10 1
bi 32657 32490 126.46 1
bi 32658 32657 89.74 1
bi 32657 51553 94.12 1
bi 32660 32565 78.79 1
bi 32668 32574 108.28 1
bi 32660 32668 181.36 1
bi 32672 32583 91.01 1
bi 32668 32672 137.23 1
bi 32673 32434 127.00 1
bi 32676 32519 59.81 1
bi 32677 32676 144.49 1
bi 32678 32591 104.16 1
bi 32672 32678 72.01 1
bi 32676 51556 57.94 1
bi 32684 32603 129.13 1
bi 32678 32684 70.63 1
bi 32700 32460 68.73 1
bi 32673 32700 149.79 1
bi 32700 32719 188.25 1
bi 32718 32501 60.87 1
bi 32719 32718 101.71 1
bi 32718 32734 62.31 1
bi 32722 32562 75.92 1
bi 32724 32660 81.47 1
bi 32722 32724 137.73 1
bi 32729 32722 136.36 1
bi 32729 32559 126.56 1
bi 32734 32733 98.61 1
bi 32735 32554 124.43 1
bi 32739 32668 55.16 1
bi 32724 32739 115.16 1
bi 32740 32560 54.03 1
bi 32735 32740 156.41 1
bi 32740 32729 101.95 1
bi 32742 32672 87.94 1
bi 32739 32742 84.71 1
bi 32746 32678 134.12 1
bi 32742 32746 88.23 1
bi 32751 32684 93.71 1
bi 32746 32751 127.38 1
bi 32763 32722 36.22 1
bi 32769 32739 171.35 1
bi 32773 51563 87.49 1
bi 32776 32700 158.61 1
bi 32777 32776 152.01 1
bi 32794 51566 102.13 1
bi 32811 51567 130.65 1
bi 32811 32729 111.68 1
bi 32812 51563 32.33 1
bi 32819 32742 23.11 1
bi 32812 32819 113.54 1
bi 32815 32811 184.61 1
bi 32823 51566 144.96 1
bi 32826 32751 73.30 1
bi 32823 32826 120.02 1
bi 32850 32773 109.58 1
bi 32852 32812 99.83 1
bi 32850 32852 134.60 1
bi 32858 32794 119.84 1
bi 32860 32823 124.35 1
bi 32858 32860 105.03 1
bi 32892 32811 117.34 1
bi 32887 32892 119.32 1
bi 32895 51567 125.15 1
bi 32892 32895 113.83 1
bi 32896 32885 142.62 1
bi 32896 32734 121.89 1
bi 32897 32724 117.83 1
bi 32895 32897 57.28 1
bi 32901 32852 67.59 1
bi 32897 32901 151.94 1
bi 32902 32896 137.15 1
bi 32902 32719 68.64 1
bi 32910 32819 122.31 1
bi 32901 32910 72.83 1
bi 32912 32902 88.16 1
bi 32912 32776 81.82 1
bi 32913 32860 75.92 1
bi 32910 32913 97.09 1
bi 32917 32826 173.52 1
bi 32913 32917 86.06 1
bi 32917 32912 70.54 1
bi 32440 52814 115.06 1
bi 32125 32139 166.55 1
bi 31995 48797 63.62 1
bi 48797 31995 83.67 1
LISTA_ARISTAS_NOREQ :
CORDENADAS_NODOS :
1 1
1 1
1 1
1 1
1 1
1 1
1 1
1 1
1 1
1 1
1 1
1 1
1 1
1 1
1 1
1 1
1 1
1 1
1 1
1 1
1 1
1 1
1 1
1 1
1 1
1 1
1 1
1 1
1 1
1 1
1 1
1 1
1 1
1 1
1 1
1 1
1 1
1 1
1 1
1 1
1 1
1 1
1 1
1 1
1 1
1 1
1 1
1 1
1 1
1 1
1 1
1 1
1 1
1 1
1 1
1 1
1 1
1 1
1 1
1 1
1 1
1 1
1 1
1 1
1 1
1 1
1 1
1 1
1 1
1 1
1 1
1 1
1 1
1 1
1 1
1 1
1 1
1 1
1 1
1 1
1 1
1 1
1 1
1 1
1 1
1 1
1 1
1 1
1 1
1 1
1 1
1 1
1 1
1 1
1 1
1 1
1 1
1 1
1 1
1 1
1 1
1 1
1 1
1 1
1 1
1 1
1 1
1 1
1 1
1 1
1 1
1 1
1 1
1 1
1 1
1 1
1 1
1 1
1 1
1 1
1 1
1 1
1 1
1 1
1 1
1 1
1 1
1 1
1 1
1 1
1 1
1 1
1 1
1 1
1 1
1 1
1 1
1 1
1 1
1 1
1 1
1 1
1 1
1 1
1 1
1 1
1 1
1 1
1 1
1 1
1 1
1 1
1 1
1 1
1 1
1 1
1 1
1 1
1 1
1 1
1 1
1 1
1 1
1 1
1 1
1 1
1 1
1 1
1 1
1 1
1 1
1 1
1 1
1 1
1 1
1 1
1 1
1 1
1 1
1 1
1 1
1 1
1 1
1 1
1 1
1 1
1 1
1 1
1 1
1 1
1 1
1 1
1 1
1 1
1 1
1 1
1 1
1 1
1 1
1 1
1 1
1 1
1 1
1 1
RESTRICCIONES :
NODOS_INICIALES:
31837
NODOS_TERMINO:
31492