NOMBRE : Renca Mediano
COMENTARIO : Caso real 2
VERTICES : 76
ARISTAS_REQ : 92
ARISTAS_NOREQ : 0
RESTRICCIONES : 0
NODOS_INICIALES : 1
NODOS_TERMINO : 1
LISTA_ARISTAS_REQ : 
uni 31886 31837 107.28 0
uni 31905 31892 78.04 0
uni 31947 31886 133.38 0
uni 31951 31905 144.14 0
uni 31965 31951 116.58 0
uni 31837 31972 121.17 0
uni 31983 31965 56.42 0
uni 31972 31983 93.02 0
uni 31991 31837 117.57 0
uni 31995 32005 114.76 0
uni 32004 31991 24.59 0
uni 32005 32004 94.49 0
uni 32006 31947 98.71 0
uni 32057 32006 70.65 0
uni 32144 32057 65.78 0
uni 31837 32165 112.41 0
uni 32211 32144 86.50 0
uni 32165 32253 113.54 0
uni 32288 32211 155.05 0
uni 32353 32288 75.64 0
uni 32518 32353 102.92 0
uni 32253 32518 72.22 0
uni 32619 32518 108.45 0
uni 32709 32619 122.29 0
uni 32518 32733 93.70 0
uni 32885 32709 48.23 0
uni 32733 32885 90.95 0
uni 31892 48797 144.75 0
bi 31930 31995 134.45 0
bi 31994 31930 46.60 0
bi 32046 31994 131.41 0
bi 32106 32005 100.79 0
bi 32107 32046 113.27 0
bi 32119 32004 106.02 0
bi 32106 32119 106.95 0
bi 32136 31991 66.70 0
bi 32119 32136 100.13 0
bi 32148 51522 118.44 0
bi 32136 32148 95.62 0
bi 32148 32165 134.63 0
bi 32188 32107 51.32 0
bi 32199 32106 105.75 0
bi 32216 32256 108.80 0
bi 32199 32253 97.06 0
bi 32255 32199 92.74 0
bi 32256 32255 177.16 0
bi 32270 32188 114.91 0
bi 32344 32270 73.50 0
bi 32430 32344 47.35 0
bi 32434 32256 37.64 0
bi 32430 32434 99.75 0
bi 32440 51539 76.69 0
bi 32434 32440 105.23 0
bi 32449 51540 91.01 0
bi 32440 32449 86.29 0
bi 32460 32255 119.08 0
bi 32449 32460 132.32 0
bi 32460 32490 91.40 0
bi 32490 32501 133.83 0
bi 32501 32519 82.33 0
bi 32517 32430 114.38 0
bi 32519 32518 114.04 0
bi 32603 32517 152.26 0
bi 32657 32490 63.75 0
bi 32658 32657 98.37 0
bi 32657 51553 122.72 0
bi 32673 32434 109.35 0
bi 32676 32519 20.79 0
bi 32677 32676 123.53 0
bi 32676 51556 127.57 0
bi 32684 32603 117.18 0
bi 32700 32460 112.46 0
bi 32673 32700 157.18 0
bi 32700 32719 80.75 0
bi 32718 32501 45.99 0
bi 32719 32718 164.37 0
bi 32718 32734 104.54 0
bi 32734 32733 93.44 0
bi 32751 32684 117.00 0
bi 32776 32700 86.70 0
bi 32777 32776 84.47 0
bi 32826 32751 97.52 0
bi 32896 32885 91.90 0
bi 32896 32734 131.01 0
bi 32902 32896 81.88 0
bi 32902 32719 66.42 0
bi 32912 32902 134.70 0
bi 32912 32776 84.60 0
bi 32917 32826 117.46 0
bi 32917 32912 133.75 0
bi 32440 52814 65.36 0
bi 31995 48797 92.02 0
LISTA_ARISTAS_NOREQ : 
CORDENADAS_NODOS :  
uni 31886 31837 24.24
uni 31905 31892 47.06
uni 31947 31886 32.86
uni 31951 31905 74.03
uni 31965 31951 48.11
uni 31837 31972 152.08
uni 31983 31965 41.36
uni 31972 31983 41.63
uni 31991 31837 149.58
uni 31995 32005 193.20
uni 31886 31837 24.24
uni 31905 31892 47.06
uni 31947 31886 32.86
uni 31951 31905 74.03
uni 31965 31951 48.11
uni 31837 31972 152.08
uni 31983 31965 41.36
uni 31972 31983 41.63
uni 31991 31837 149.58
uni 31995 32005 193.20
uni 31886 31837 24.24
uni 31905 31892 47.06
uni 31947 31886 32.86
uni 31951 31905 74.03
uni 31965 31951 48.11
uni 31837 31972 152.08
uni 31983 31965 41.36
uni 31972 31983 41.63
uni 31991 31837 149.58
uni 31995 32005 193.20
uni 31886 31837 24.24
uni 31905 31892 47.06
uni 31947 31886 32.86
uni 31951 31905 74.03
uni 31965 31951 48.11
uni 31837 31972 152.08
uni 31983 31965 41.36
uni 31972 31983 41.63
uni 31991 31837 149.58
uni 31995 32005 193.20
uni 31886 31837 24.24
uni 31905 31892 47.06
uni 31947 31886 32.86
uni 31951 31905 74.03
uni 31965 31951 48.11
uni 31837 31972 152.08
uni 31983 31965 41.36
uni 31972 31983 41.63
uni 31991 31837 149.58
uni 31995 32005 193.20
uni 31886 31837 24.24
uni 31905 31892 47.06
uni 31947 31886 32.86
uni 31951 31905 74.03
uni 31965 31951 48.11
uni 31837 31972 152.08
uni 31983 31965 41.36
uni 31972 31983 41.63
uni 31991 31837 149.58
uni 31995 32005 193.20
uni 31886 31837 24.24
uni 31905 31892 47.06
uni 31947 31886 32.86
uni 31951 31905 74.03
uni 31965 31951 48.11
uni 31965 31951 48.11
uni 31837 31972 152.08
uni 31983 31965 41.36
uni 31972 31983 41.63
uni 31991 31837 149.58
uni 31995 32005 193.20
uni 31837 31972 152.08
uni 31983 31965 41.36
uni 31972 31983 41.63
uni 31991 31837 149.58
uni 31995 32005 193.20
RESTRICCIONES :
NODOS_INICIALES:
31837
NODOS_TERMINO:
31965