NOMBRE : Instancia real grande
COMENTARIO : caso real 
VERTICES : 204 
ARISTAS_REQ : 293
ARISTAS_NOREQ : 0 
RESTRICCIONES : 0 
NODOS_INICIALES : 1 
NODOS_TERMINO : 1 
LISTA_ARISTAS_REQ : 
uni 31492 31752 102.80 1
uni 31752 31766 110.29 1
uni 31766 31794 132.57 1
uni 31773 31492 152.13 1
uni 31793 31773 105.68 1
uni 31794 31809 161.15 1
uni 31809 31826 100.81 1
uni 31818 31793 14.32 1
uni 31826 31818 93.64 1
uni 31829 31818 110.19 1
uni 31849 31829 124.21 1
uni 31871 31849 93.37 1
uni 31886 31837 47.80 1
uni 48797 31871 166.13 1
uni 31818 31995 101.31 1
uni 31905 31892 129.79 1
uni 31947 31886 155.32 1
uni 31951 31905 119.47 1
uni 31965 31951 84.90 1
uni 31837 31972 34.95 1
uni 31983 31965 102.47 1
uni 31972 31983 97.00 1
uni 31991 31837 120.78 1
uni 31995 32005 116.38 1
uni 32004 31991 140.91 1
uni 32005 32004 97.23 1
uni 32006 31947 81.08 1
uni 32057 32006 117.81 1
uni 32144 32057 122.51 1
uni 31837 32165 167.73 1
uni 32211 32144 57.79 1
uni 32165 32253 177.04 1
uni 32288 32211 107.87 1
uni 32353 32288 65.99 1
uni 32518 32353 51.98 1
uni 32253 32518 113.83 1
uni 32619 32518 117.02 1
uni 32709 32619 66.33 1
uni 32518 32733 127.91 1
uni 32815 32735 175.10 1
uni 32885 32709 222.89 1
uni 32733 32885 62.99 1
uni 32887 32815 77.29 1
uni 32887 47103 139.36 1
bi 32735 47103 107.73 1
uni 31892 48797 74.18 1
bi 31833 31492 122.14 1
bi 31840 31794 149.18 1
bi 31850 31818 75.28 1
bi 31840 31850 97.65 1
bi 31853 31752 148.63 1
bi 31833 31853 131.91 1
bi 31902 31840 91.11 1
bi 31913 31850 100.79 1
bi 31902 31913 117.76 1
bi 31920 51511 139.95 1
bi 31930 31995 167.93 1
bi 31913 31930 121.52 1
bi 31931 31853 112.97 1
bi 31920 31931 168.18 1
bi 31936 31920 108.65 1
bi 31937 31766 118.12 1
bi 31931 31937 158.87 1
bi 31941 31902 110.26 1
bi 31937 31941 78.26 1
bi 31973 31941 133.06 1
bi 31973 31982 94.26 1
bi 31981 31913 144.16 1
bi 31982 31981 104.01 1
bi 31984 31833 115.98 1
bi 31994 31930 158.91 1
bi 31981 31994 153.74 1
bi 32011 31931 179.85 1
bi 31984 32011 71.73 1
bi 32035 31973 107.09 1
bi 32041 31982 197.66 1
bi 32035 32041 92.81 1
bi 32044 31981 169.32 1
bi 32041 32044 93.67 1
bi 32046 31994 182.47 1
bi 32044 32046 132.77 1
bi 32068 32011 113.79 1
bi 32072 31937 104.60 1
bi 32068 32072 76.52 1
bi 32086 32035 87.82 1
bi 32072 32086 100.55 1
bi 32095 32041 45.62 1
bi 32086 32095 121.34 1
bi 32101 32044 95.88 1
bi 32095 32101 136.19 1
bi 32106 32005 103.60 1
bi 32107 32046 183.96 1
bi 32101 32107 91.82 1
bi 32119 32004 123.48 1
bi 32106 32119 141.45 1
bi 32125 31984 121.81 1
bi 32136 31991 174.99 1
bi 32119 32136 141.35 1
bi 32138 32068 48.59 1
bi 32139 32138 133.37 1
bi 32148 51522 128.91 1
bi 32136 32148 128.82 1
bi 32148 32165 28.07 1
bi 32166 32086 161.83 1
bi 32173 32095 108.23 1
bi 32166 32173 97.47 1
bi 32177 32101 140.22 1
bi 32173 32177 104.92 1
bi 32188 32107 113.07 1
bi 32177 32188 119.26 1
bi 32199 32106 88.24 1
bi 32216 32256 63.69 1
bi 32217 32139 142.24 1
bi 32226 32138 52.92 1
bi 32217 32226 128.71 1
bi 32240 32072 101.91 1
bi 32243 32166 124.63 1
bi 32240 32243 99.27 1
bi 32243 32248 124.98 1
bi 32247 32173 87.72 1
bi 32248 32247 101.92 1
bi 32199 32253 60.76 1
bi 32255 32199 119.38 1
bi 32256 32255 78.27 1
bi 32263 32177 96.66 1
bi 32247 32263 154.64 1
bi 32263 32271 190.67 1
bi 32270 32188 92.01 1
bi 32271 32270 128.43 1
bi 32303 32217 70.77 1
bi 32304 51531 137.34 1
bi 32303 32304 97.63 1
bi 32308 51533 24.78 1
bi 32311 32226 34.14 1
bi 32308 32311 100.28 1
bi 32314 32304 63.51 1
bi 32317 32308 166.83 1
bi 32323 32248 131.88 1
bi 32332 32263 86.90 1
bi 32323 32332 70.95 1
bi 32341 32271 189.03 1
bi 32332 32341 84.03 1
bi 32344 32270 124.14 1
bi 32341 32344 95.39 1
bi 32393 32303 112.16 1
bi 32405 32311 81.81 1
bi 32393 32405 69.18 1
bi 32408 32240 136.85 1
bi 32405 32408 72.62 1
bi 32409 32243 102.23 1
bi 32408 32409 112.15 1
bi 32413 32323 87.13 1
bi 32409 32413 128.64 1
bi 32413 32421 128.45 1
bi 32420 32332 98.31 1
bi 32421 32420 85.94 1
bi 32420 32425 171.87 1
bi 32424 32341 81.62 1
bi 32425 32424 97.30 1
bi 32430 32344 130.09 1
bi 32424 32430 114.35 1
bi 32434 32256 87.12 1
bi 32430 32434 121.00 1
bi 32440 51539 107.43 1
bi 32434 32440 145.42 1
bi 32449 51540 125.98 1
bi 32440 32449 107.73 1
bi 32460 32255 158.08 1
bi 32449 32460 114.84 1
bi 32460 32490 104.10 1
bi 32475 32393 56.47 1
bi 32481 51542 55.95 1
bi 32475 32481 95.30 1
bi 32482 51543 106.90 1
bi 32485 32405 169.25 1
bi 32482 32485 81.63 1
bi 32490 32501 116.33 1
bi 32494 32481 137.97 1
bi 32496 32482 145.19 1
bi 32497 32421 101.92 1
bi 32501 32519 77.62 1
bi 32506 32420 188.69 1
bi 32497 32506 112.18 1
bi 32513 32424 90.15 1
bi 32517 32430 88.47 1
bi 32513 32517 102.25 1
bi 32519 32518 129.05 1
bi 32554 32475 105.79 1
bi 32554 32560 108.35 1
bi 32559 32485 119.68 1
bi 32560 32559 77.08 1
bi 32562 32408 130.01 1
bi 32559 32562 107.93 1
bi 32565 32409 92.55 1
bi 32562 32565 47.93 1
bi 32569 32413 78.83 1
bi 32565 32569 177.74 1
bi 32574 32497 97.66 1
bi 32569 32574 82.63 1
bi 32583 32506 133.49 1
bi 32574 32583 156.59 1
bi 32585 32425 117.38 1
bi 32583 32585 102.34 1
bi 32591 32513 44.20 1
bi 32585 32591 90.98 1
bi 32603 32517 121.30 1
bi 32591 32603 156.00 1
bi 32657 32490 122.46 1
bi 32658 32657 120.69 1
bi 32657 51553 161.45 1
bi 32660 32565 72.53 1
bi 32668 32574 74.56 1
bi 32660 32668 63.14 1
bi 32672 32583 112.09 1
bi 32668 32672 157.05 1
bi 32673 32434 150.40 1
bi 32676 32519 152.85 1
bi 32677 32676 174.66 1
bi 32678 32591 150.62 1
bi 32672 32678 71.32 1
bi 32676 51556 44.77 1
bi 32684 32603 108.86 1
bi 32678 32684 53.87 1
bi 32700 32460 56.32 1
bi 32673 32700 163.31 1
bi 32700 32719 137.03 1
bi 32718 32501 90.57 1
bi 32719 32718 100.95 1
bi 32718 32734 147.87 1
bi 32722 32562 114.69 1
bi 32724 32660 60.98 1
bi 32722 32724 106.67 1
bi 32729 32722 100.83 1
bi 32729 32559 98.91 1
bi 32734 32733 52.18 1
bi 32735 32554 97.13 1
bi 32739 32668 123.16 1
bi 32724 32739 162.64 1
bi 32740 32560 66.24 1
bi 32735 32740 88.53 1
bi 32740 32729 159.00 1
bi 32742 32672 94.87 1
bi 32739 32742 133.18 1
bi 32746 32678 163.83 1
bi 32742 32746 122.71 1
bi 32751 32684 130.62 1
bi 32746 32751 105.42 1
bi 32763 32722 176.19 1
bi 32769 32739 138.84 1
bi 32773 51563 130.41 1
bi 32776 32700 125.91 1
bi 32777 32776 140.78 1
bi 32794 51566 170.78 1
bi 32811 51567 161.46 1
bi 32811 32729 120.30 1
bi 32812 51563 144.98 1
bi 32819 32742 119.31 1
bi 32812 32819 78.42 1
bi 32815 32811 136.11 1
bi 32823 51566 118.27 1
bi 32826 32751 120.72 1
bi 32823 32826 71.41 1
bi 32850 32773 112.53 1
bi 32852 32812 105.52 1
bi 32850 32852 109.95 1
bi 32858 32794 157.67 1
bi 32860 32823 71.01 1
bi 32858 32860 27.51 1
bi 32892 32811 175.21 1
bi 32887 32892 131.99 1
bi 32895 51567 137.95 1
bi 32892 32895 81.12 1
bi 32896 32885 35.31 1
bi 32896 32734 144.46 1
bi 32897 32724 96.99 1
bi 32895 32897 73.90 1
bi 32901 32852 48.51 1
bi 32897 32901 118.74 1
bi 32902 32896 116.47 1
bi 32902 32719 67.69 1
bi 32910 32819 117.44 1
bi 32901 32910 109.52 1
bi 32912 32902 60.80 1
bi 32912 32776 85.69 1
bi 32913 32860 101.51 1
bi 32910 32913 83.39 1
bi 32917 32826 144.69 1
bi 32913 32917 79.33 1
bi 32917 32912 84.89 1
bi 32440 52814 104.53 1
bi 32125 32139 94.08 1
bi 31995 48797 99.94 1
bi 48797 31995 93.44 1
LISTA_ARISTAS_NOREQ :
CORDENADAS_NODOS :
1 1
1 1
1 1
1 1
1 1
1 1
1 1
1 1
1 1
1 1
1 1
1 1
1 1
1 1
1 1
1 1
1 1
1 1
1 1
1 1
1 1
1 1
1 1
1 1
1 1
1 1
1 1
1 1
1 1
1 1
1 1
1 1
1 1
1 1
1 1
1 1
1 1
1 1
1 1
1 1
1 1
1 1
1 1
1 1
1 1
1 1
1 1
1 1
1 1
1 1
1 1
1 1
1 1
1 1
1 1
1 1
1 1
1 1
1 1
1 1
1 1
1 1
1 1
1 1
1 1
1 1
1 1
1 1
1 1
1 1
1 1
1 1
1 1
1 1
1 1
1 1
1 1
1 1
1 1
1 1
1 1
1 1
1 1
1 1
1 1
1 1
1 1
1 1
1 1
1 1
1 1
1 1
1 1
1 1
1 1
1 1
1 1
1 1
1 1
1 1
1 1
1 1
1 1
1 1
1 1
1 1
1 1
1 1
1 1
1 1
1 1
1 1
1 1
1 1
1 1
1 1
1 1
1 1
1 1
1 1
1 1
1 1
1 1
1 1
1 1
1 1
1 1
1 1
1 1
1 1
1 1
1 1
1 1
1 1
1 1
1 1
1 1
1 1
1 1
1 1
1 1
1 1
1 1
1 1
1 1
1 1
1 1
1 1
1 1
1 1
1 1
1 1
1 1
1 1
1 1
1 1
1 1
1 1
1 1
1 1
1 1
1 1
1 1
1 1
1 1
1 1
1 1
1 1
1 1
1 1
1 1
1 1
1 1
1 1
1 1
1 1
1 1
1 1
1 1
1 1
1 1
1 1
1 1
1 1
1 1
1 1
1 1
1 1
1 1
1 1
1 1
1 1
1 1
1 1
1 1
1 1
1 1
1 1
1 1
1 1
1 1
1 1
1 1
1 1
RESTRICCIONES :
NODOS_INICIALES:
31837
NODOS_TERMINO:
31492