NOMBRE : Instancia real grande
COMENTARIO : caso real 
VERTICES : 204 
ARISTAS_REQ : 293
ARISTAS_NOREQ : 0 
RESTRICCIONES : 0 
NODOS_INICIALES : 1 
NODOS_TERMINO : 1 
LISTA_ARISTAS_REQ : 
uni 31492 31752 222.89 1
uni 31752 31766 54.45 1
uni 31766 31794 222.89 1
uni 31773 31492 135.37 1
uni 31793 31773 222.89 1
uni 31794 31809 164.37 1
uni 31809 31826 54.50 1
uni 31818 31793 209.08 1
uni 31826 31818 222.89 1
uni 31829 31818 33.56 1
uni 31849 31829 61.62 1
uni 31871 31849 147.05 1
uni 31886 31837 77.55 1
uni 48797 31871 73.08 1
uni 31818 31995 222.89 1
uni 31905 31892 222.89 1
uni 31947 31886 102.78 1
uni 31951 31905 222.89 1
uni 31965 31951 222.89 1
uni 31837 31972 79.00 1
uni 31983 31965 222.89 1
uni 31972 31983 132.36 1
uni 31991 31837 222.89 1
uni 31995 32005 222.89 1
uni 32004 31991 161.06 1
uni 32005 32004 134.59 1
uni 32006 31947 18.57 1
uni 32057 32006 174.65 1
uni 32144 32057 134.75 1
uni 31837 32165 222.89 1
uni 32211 32144 222.89 1
uni 32165 32253 89.50 1
uni 32288 32211 172.72 1
uni 32353 32288 104.28 1
uni 32518 32353 222.89 1
uni 32253 32518 222.89 1
uni 32619 32518 222.89 1
uni 32709 32619 222.89 1
uni 32518 32733 142.25 1
uni 32815 32735 37.84 1
uni 32885 32709 222.89 1
uni 32733 32885 122.63 1
uni 32887 32815 222.89 1
uni 32887 47103 102.95 1
bi 32735 47103 52.73 1
uni 31892 48797 84.13 1
bi 31833 31492 222.89 1
bi 31840 31794 161.47 1
bi 31850 31818 222.89 1
bi 31840 31850 140.86 1
bi 31853 31752 182.86 1
bi 31833 31853 128.41 1
bi 31902 31840 222.89 1
bi 31913 31850 153.24 1
bi 31902 31913 143.06 1
bi 31920 51511 70.69 1
bi 31930 31995 222.89 1
bi 31913 31930 193.07 1
bi 31931 31853 222.89 1
bi 31920 31931 55.22 1
bi 31936 31920 105.59 1
bi 31937 31766 150.82 1
bi 31931 31937 140.29 1
bi 31941 31902 222.89 1
bi 31937 31941 125.72 1
bi 31973 31941 222.89 1
bi 31973 31982 112.08 1
bi 31981 31913 222.89 1
bi 31982 31981 222.89 1
bi 31984 31833 222.89 1
bi 31994 31930 222.89 1
bi 31981 31994 83.68 1
bi 32011 31931 57.92 1
bi 31984 32011 222.89 1
bi 32035 31973 216.92 1
bi 32041 31982 18.08 1
bi 32035 32041 222.89 1
bi 32044 31981 147.74 1
bi 32041 32044 147.01 1
bi 32046 31994 222.89 1
bi 32044 32046 70.39 1
bi 32068 32011 222.89 1
bi 32072 31937 222.89 1
bi 32068 32072 222.89 1
bi 32086 32035 68.38 1
bi 32072 32086 32.00 1
bi 32095 32041 222.89 1
bi 32086 32095 222.89 1
bi 32101 32044 72.28 1
bi 32095 32101 149.66 1
bi 32106 32005 27.88 1
bi 32107 32046 222.89 1
bi 32101 32107 53.96 1
bi 32119 32004 222.89 1
bi 32106 32119 116.31 1
bi 32125 31984 168.82 1
bi 32136 31991 222.89 1
bi 32119 32136 165.27 1
bi 32138 32068 222.89 1
bi 32139 32138 35.54 1
bi 32148 51522 222.89 1
bi 32136 32148 121.01 1
bi 32148 32165 122.65 1
bi 32166 32086 70.44 1
bi 32173 32095 52.70 1
bi 32166 32173 222.89 1
bi 32177 32101 144.40 1
bi 32173 32177 104.85 1
bi 32188 32107 222.89 1
bi 32177 32188 172.53 1
bi 32199 32106 50.67 1
bi 32216 32256 52.84 1
bi 32217 32139 183.06 1
bi 32226 32138 222.89 1
bi 32217 32226 127.72 1
bi 32240 32072 110.89 1
bi 32243 32166 222.89 1
bi 32240 32243 222.89 1
bi 32243 32248 120.52 1
bi 32247 32173 33.32 1
bi 32248 32247 159.44 1
bi 32199 32253 222.89 1
bi 32255 32199 203.59 1
bi 32256 32255 222.89 1
bi 32263 32177 222.89 1
bi 32247 32263 222.89 1
bi 32263 32271 195.25 1
bi 32270 32188 20.13 1
bi 32271 32270 222.89 1
bi 32303 32217 197.93 1
bi 32304 51531 222.89 1
bi 32303 32304 222.89 1
bi 32308 51533 84.12 1
bi 32311 32226 175.67 1
bi 32308 32311 87.83 1
bi 32314 32304 91.92 1
bi 32317 32308 222.89 1
bi 32323 32248 61.52 1
bi 32332 32263 195.38 1
bi 32323 32332 182.74 1
bi 32341 32271 222.89 1
bi 32332 32341 126.46 1
bi 32344 32270 40.36 1
bi 32341 32344 222.89 1
bi 32393 32303 145.91 1
bi 32405 32311 222.89 1
bi 32393 32405 207.46 1
bi 32408 32240 170.60 1
bi 32405 32408 222.89 1
bi 32409 32243 192.55 1
bi 32408 32409 222.89 1
bi 32413 32323 62.77 1
bi 32409 32413 222.89 1
bi 32413 32421 135.67 1
bi 32420 32332 222.89 1
bi 32421 32420 222.89 1
bi 32420 32425 190.10 1
bi 32424 32341 201.45 1
bi 32425 32424 222.89 1
bi 32430 32344 171.79 1
bi 32424 32430 222.89 1
bi 32434 32256 222.89 1
bi 32430 32434 41.50 1
bi 32440 51539 222.89 1
bi 32434 32440 185.67 1
bi 32449 51540 160.47 1
bi 32440 32449 222.89 1
bi 32460 32255 112.06 1
bi 32449 32460 168.63 1
bi 32460 32490 110.04 1
bi 32475 32393 222.89 1
bi 32481 51542 101.24 1
bi 32475 32481 222.89 1
bi 32482 51543 222.89 1
bi 32485 32405 15.35 1
bi 32482 32485 110.75 1
bi 32490 32501 222.89 1
bi 32494 32481 142.41 1
bi 32496 32482 222.89 1
bi 32497 32421 48.55 1
bi 32501 32519 113.17 1
bi 32506 32420 43.40 1
bi 32497 32506 222.89 1
bi 32513 32424 222.89 1
bi 32517 32430 222.89 1
bi 32513 32517 123.73 1
bi 32519 32518 104.93 1
bi 32554 32475 169.66 1
bi 32554 32560 222.89 1
bi 32559 32485 90.91 1
bi 32560 32559 164.25 1
bi 32562 32408 222.89 1
bi 32559 32562 222.89 1
bi 32565 32409 222.89 1
bi 32562 32565 168.82 1
bi 32569 32413 112.46 1
bi 32565 32569 163.83 1
bi 32574 32497 222.89 1
bi 32569 32574 222.89 1
bi 32583 32506 222.89 1
bi 32574 32583 222.89 1
bi 32585 32425 222.89 1
bi 32583 32585 207.37 1
bi 32591 32513 185.13 1
bi 32585 32591 214.19 1
bi 32603 32517 186.05 1
bi 32591 32603 222.89 1
bi 32657 32490 135.79 1
bi 32658 32657 222.89 1
bi 32657 51553 182.25 1
bi 32660 32565 222.89 1
bi 32668 32574 222.89 1
bi 32660 32668 222.89 1
bi 32672 32583 181.81 1
bi 32668 32672 142.63 1
bi 32673 32434 64.05 1
bi 32676 32519 61.48 1
bi 32677 32676 222.89 1
bi 32678 32591 216.60 1
bi 32672 32678 150.54 1
bi 32676 51556 164.26 1
bi 32684 32603 64.57 1
bi 32678 32684 192.19 1
bi 32700 32460 120.70 1
bi 32673 32700 222.89 1
bi 32700 32719 222.89 1
bi 32718 32501 222.89 1
bi 32719 32718 222.89 1
bi 32718 32734 126.27 1
bi 32722 32562 129.06 1
bi 32724 32660 112.22 1
bi 32722 32724 73.30 1
bi 32729 32722 222.89 1
bi 32729 32559 72.60 1
bi 32734 32733 78.80 1
bi 32735 32554 222.89 1
bi 32739 32668 222.89 1
bi 32724 32739 222.89 1
bi 32740 32560 222.89 1
bi 32735 32740 222.89 1
bi 32740 32729 59.20 1
bi 32742 32672 222.89 1
bi 32739 32742 174.58 1
bi 32746 32678 222.89 1
bi 32742 32746 73.40 1
bi 32751 32684 98.23 1
bi 32746 32751 130.53 1
bi 32763 32722 222.89 1
bi 32769 32739 217.40 1
bi 32773 51563 222.89 1
bi 32776 32700 220.17 1
bi 32777 32776 122.76 1
bi 32794 51566 222.89 1
bi 32811 51567 222.89 1
bi 32811 32729 195.51 1
bi 32812 51563 222.89 1
bi 32819 32742 45.52 1
bi 32812 32819 58.04 1
bi 32815 32811 151.85 1
bi 32823 51566 143.72 1
bi 32826 32751 222.89 1
bi 32823 32826 125.38 1
bi 32850 32773 222.89 1
bi 32852 32812 118.24 1
bi 32850 32852 179.33 1
bi 32858 32794 91.02 1
bi 32860 32823 65.81 1
bi 32858 32860 84.87 1
bi 32892 32811 179.84 1
bi 32887 32892 101.48 1
bi 32895 51567 132.16 1
bi 32892 32895 93.21 1
bi 32896 32885 222.89 1
bi 32896 32734 222.89 1
bi 32897 32724 60.76 1
bi 32895 32897 77.98 1
bi 32901 32852 146.58 1
bi 32897 32901 176.57 1
bi 32902 32896 222.89 1
bi 32902 32719 86.82 1
bi 32910 32819 186.25 1
bi 32901 32910 222.89 1
bi 32912 32902 172.77 1
bi 32912 32776 222.89 1
bi 32913 32860 138.69 1
bi 32910 32913 38.69 1
bi 32917 32826 222.89 1
bi 32913 32917 222.89 1
bi 32917 32912 186.19 1
bi 32440 52814 116.29 1
bi 32125 32139 176.70 1
bi 31995 48797 222.89 1
bi 48797 31995 153.50 1
LISTA_ARISTAS_NOREQ :
CORDENADAS_NODOS :
1 1
1 1
1 1
1 1
1 1
1 1
1 1
1 1
1 1
1 1
1 1
1 1
1 1
1 1
1 1
1 1
1 1
1 1
1 1
1 1
1 1
1 1
1 1
1 1
1 1
1 1
1 1
1 1
1 1
1 1
1 1
1 1
1 1
1 1
1 1
1 1
1 1
1 1
1 1
1 1
1 1
1 1
1 1
1 1
1 1
1 1
1 1
1 1
1 1
1 1
1 1
1 1
1 1
1 1
1 1
1 1
1 1
1 1
1 1
1 1
1 1
1 1
1 1
1 1
1 1
1 1
1 1
1 1
1 1
1 1
1 1
1 1
1 1
1 1
1 1
1 1
1 1
1 1
1 1
1 1
1 1
1 1
1 1
1 1
1 1
1 1
1 1
1 1
1 1
1 1
1 1
1 1
1 1
1 1
1 1
1 1
1 1
1 1
1 1
1 1
1 1
1 1
1 1
1 1
1 1
1 1
1 1
1 1
1 1
1 1
1 1
1 1
1 1
1 1
1 1
1 1
1 1
1 1
1 1
1 1
1 1
1 1
1 1
1 1
1 1
1 1
1 1
1 1
1 1
1 1
1 1
1 1
1 1
1 1
1 1
1 1
1 1
1 1
1 1
1 1
1 1
1 1
1 1
1 1
1 1
1 1
1 1
1 1
1 1
1 1
1 1
1 1
1 1
1 1
1 1
1 1
1 1
1 1
1 1
1 1
1 1
1 1
1 1
1 1
1 1
1 1
1 1
1 1
1 1
1 1
1 1
1 1
1 1
1 1
1 1
1 1
1 1
1 1
1 1
1 1
1 1
1 1
1 1
1 1
1 1
1 1
1 1
1 1
1 1
1 1
1 1
1 1
1 1
1 1
1 1
1 1
1 1
1 1
1 1
1 1
1 1
1 1
1 1
1 1
RESTRICCIONES :
NODOS_INICIALES:
31837
NODOS_TERMINO:
31492