NOMBRE : Renca Mediano
COMENTARIO : Caso real 2
VERTICES : 76
ARISTAS_REQ : 92
ARISTAS_NOREQ : 0
RESTRICCIONES : 0
NODOS_INICIALES : 1
NODOS_TERMINO : 1
LISTA_ARISTAS_REQ : 
uni 31886 31837 11.42 0
uni 31905 31892 193.20 0
uni 31947 31886 102.58 0
uni 31951 31905 41.97 0
uni 31965 31951 193.20 0
uni 31837 31972 76.48 0
uni 31983 31965 66.87 0
uni 31972 31983 136.99 0
uni 31991 31837 82.42 0
uni 31995 32005 38.63 0
uni 32004 31991 184.52 0
uni 32005 32004 109.35 0
uni 32006 31947 65.83 0
uni 32057 32006 93.82 0
uni 32144 32057 193.20 0
uni 31837 32165 114.81 0
uni 32211 32144 141.98 0
uni 32165 32253 81.63 0
uni 32288 32211 139.56 0
uni 32353 32288 84.87 0
uni 32518 32353 193.20 0
uni 32253 32518 98.23 0
uni 32619 32518 54.35 0
uni 32709 32619 54.13 0
uni 32518 32733 48.16 0
uni 32885 32709 164.28 0
uni 32733 32885 15.20 0
uni 31892 48797 76.77 0
bi 31930 31995 193.20 0
bi 31994 31930 26.23 0
bi 32046 31994 127.15 0
bi 32106 32005 62.91 0
bi 32107 32046 180.21 0
bi 32119 32004 97.04 0
bi 32106 32119 193.20 0
bi 32136 31991 183.74 0
bi 32119 32136 193.20 0
bi 32148 51522 193.20 0
bi 32136 32148 86.69 0
bi 32148 32165 88.47 0
bi 32188 32107 97.05 0
bi 32199 32106 75.66 0
bi 32216 32256 89.03 0
bi 32199 32253 187.67 0
bi 32255 32199 193.20 0
bi 32256 32255 105.50 0
bi 32270 32188 152.69 0
bi 32344 32270 193.20 0
bi 32430 32344 193.20 0
bi 32434 32256 193.20 0
bi 32430 32434 193.20 0
bi 32440 51539 28.71 0
bi 32434 32440 18.08 0
bi 32449 51540 193.20 0
bi 32440 32449 193.20 0
bi 32460 32255 193.20 0
bi 32449 32460 148.85 0
bi 32460 32490 11.42 0
bi 32490 32501 193.20 0
bi 32501 32519 111.60 0
bi 32517 32430 33.27 0
bi 32519 32518 181.61 0
bi 32603 32517 75.27 0
bi 32657 32490 186.02 0
bi 32658 32657 156.89 0
bi 32657 51553 193.20 0
bi 32673 32434 48.25 0
bi 32676 32519 40.89 0
bi 32677 32676 193.20 0
bi 32676 51556 47.95 0
bi 32684 32603 193.20 0
bi 32700 32460 191.71 0
bi 32673 32700 193.20 0
bi 32700 32719 86.47 0
bi 32718 32501 193.20 0
bi 32719 32718 193.20 0
bi 32718 32734 57.24 0
bi 32734 32733 164.70 0
bi 32751 32684 193.20 0
bi 32776 32700 193.20 0
bi 32777 32776 193.20 0
bi 32826 32751 105.47 0
bi 32896 32885 60.17 0
bi 32896 32734 193.20 0
bi 32902 32896 193.20 0
bi 32902 32719 193.20 0
bi 32912 32902 100.94 0
bi 32912 32776 31.41 0
bi 32917 32826 191.34 0
bi 32917 32912 178.06 0
bi 32440 52814 147.03 0
bi 31995 48797 113.31 0
LISTA_ARISTAS_NOREQ : 
CORDENADAS_NODOS :  
uni 31886 31837 24.24
uni 31905 31892 47.06
uni 31947 31886 32.86
uni 31951 31905 74.03
uni 31965 31951 48.11
uni 31837 31972 152.08
uni 31983 31965 41.36
uni 31972 31983 41.63
uni 31991 31837 149.58
uni 31995 32005 193.20
uni 31886 31837 24.24
uni 31905 31892 47.06
uni 31947 31886 32.86
uni 31951 31905 74.03
uni 31965 31951 48.11
uni 31837 31972 152.08
uni 31983 31965 41.36
uni 31972 31983 41.63
uni 31991 31837 149.58
uni 31995 32005 193.20
uni 31886 31837 24.24
uni 31905 31892 47.06
uni 31947 31886 32.86
uni 31951 31905 74.03
uni 31965 31951 48.11
uni 31837 31972 152.08
uni 31983 31965 41.36
uni 31972 31983 41.63
uni 31991 31837 149.58
uni 31995 32005 193.20
uni 31886 31837 24.24
uni 31905 31892 47.06
uni 31947 31886 32.86
uni 31951 31905 74.03
uni 31965 31951 48.11
uni 31837 31972 152.08
uni 31983 31965 41.36
uni 31972 31983 41.63
uni 31991 31837 149.58
uni 31995 32005 193.20
uni 31886 31837 24.24
uni 31905 31892 47.06
uni 31947 31886 32.86
uni 31951 31905 74.03
uni 31965 31951 48.11
uni 31837 31972 152.08
uni 31983 31965 41.36
uni 31972 31983 41.63
uni 31991 31837 149.58
uni 31995 32005 193.20
uni 31886 31837 24.24
uni 31905 31892 47.06
uni 31947 31886 32.86
uni 31951 31905 74.03
uni 31965 31951 48.11
uni 31837 31972 152.08
uni 31983 31965 41.36
uni 31972 31983 41.63
uni 31991 31837 149.58
uni 31995 32005 193.20
uni 31886 31837 24.24
uni 31905 31892 47.06
uni 31947 31886 32.86
uni 31951 31905 74.03
uni 31965 31951 48.11
uni 31965 31951 48.11
uni 31837 31972 152.08
uni 31983 31965 41.36
uni 31972 31983 41.63
uni 31991 31837 149.58
uni 31995 32005 193.20
uni 31837 31972 152.08
uni 31983 31965 41.36
uni 31972 31983 41.63
uni 31991 31837 149.58
uni 31995 32005 193.20
RESTRICCIONES :
NODOS_INICIALES:
31837
NODOS_TERMINO:
31965