NOMBRE : Renca Mediano
COMENTARIO : Caso real 2
VERTICES : 76
ARISTAS_REQ : 92
ARISTAS_NOREQ : 0
RESTRICCIONES : 0
NODOS_INICIALES : 1
NODOS_TERMINO : 1
LISTA_ARISTAS_REQ : 
uni 31886 31837 74.01 0
uni 31905 31892 114.51 0
uni 31947 31886 95.69 0
uni 31951 31905 71.44 0
uni 31965 31951 54.19 0
uni 31837 31972 78.89 0
uni 31983 31965 35.90 0
uni 31972 31983 129.19 0
uni 31991 31837 121.43 0
uni 31995 32005 159.53 0
uni 32004 31991 152.72 0
uni 32005 32004 102.08 0
uni 32006 31947 88.19 0
uni 32057 32006 80.56 0
uni 32144 32057 93.88 0
uni 31837 32165 126.80 0
uni 32211 32144 78.78 0
uni 32165 32253 92.88 0
uni 32288 32211 88.28 0
uni 32353 32288 153.51 0
uni 32518 32353 75.99 0
uni 32253 32518 93.35 0
uni 32619 32518 124.59 0
uni 32709 32619 163.53 0
uni 32518 32733 98.94 0
uni 32885 32709 98.08 0
uni 32733 32885 134.40 0
uni 31892 48797 71.13 0
bi 31930 31995 114.69 0
bi 31994 31930 165.14 0
bi 32046 31994 151.23 0
bi 32106 32005 146.51 0
bi 32107 32046 118.91 0
bi 32119 32004 27.35 0
bi 32106 32119 91.16 0
bi 32136 31991 113.12 0
bi 32119 32136 104.62 0
bi 32148 51522 60.53 0
bi 32136 32148 119.50 0
bi 32148 32165 110.08 0
bi 32188 32107 76.51 0
bi 32199 32106 84.20 0
bi 32216 32256 80.23 0
bi 32199 32253 78.11 0
bi 32255 32199 65.19 0
bi 32256 32255 149.43 0
bi 32270 32188 160.92 0
bi 32344 32270 70.55 0
bi 32430 32344 99.63 0
bi 32434 32256 51.30 0
bi 32430 32434 139.78 0
bi 32440 51539 69.43 0
bi 32434 32440 162.38 0
bi 32449 51540 110.75 0
bi 32440 32449 96.84 0
bi 32460 32255 57.13 0
bi 32449 32460 157.87 0
bi 32460 32490 70.55 0
bi 32490 32501 140.06 0
bi 32501 32519 85.66 0
bi 32517 32430 40.04 0
bi 32519 32518 94.33 0
bi 32603 32517 116.49 0
bi 32657 32490 114.65 0
bi 32658 32657 93.06 0
bi 32657 51553 103.01 0
bi 32673 32434 110.52 0
bi 32676 32519 92.44 0
bi 32677 32676 115.25 0
bi 32676 51556 75.58 0
bi 32684 32603 108.43 0
bi 32700 32460 69.84 0
bi 32673 32700 112.54 0
bi 32700 32719 98.88 0
bi 32718 32501 91.12 0
bi 32719 32718 86.55 0
bi 32718 32734 147.94 0
bi 32734 32733 91.08 0
bi 32751 32684 112.19 0
bi 32776 32700 103.97 0
bi 32777 32776 47.23 0
bi 32826 32751 119.57 0
bi 32896 32885 99.99 0
bi 32896 32734 68.71 0
bi 32902 32896 64.59 0
bi 32902 32719 91.61 0
bi 32912 32902 139.58 0
bi 32912 32776 132.62 0
bi 32917 32826 73.74 0
bi 32917 32912 69.71 0
bi 32440 52814 114.76 0
bi 31995 48797 95.70 0
LISTA_ARISTAS_NOREQ : 
CORDENADAS_NODOS :  
uni 31886 31837 24.24
uni 31905 31892 47.06
uni 31947 31886 32.86
uni 31951 31905 74.03
uni 31965 31951 48.11
uni 31837 31972 152.08
uni 31983 31965 41.36
uni 31972 31983 41.63
uni 31991 31837 149.58
uni 31995 32005 193.20
uni 31886 31837 24.24
uni 31905 31892 47.06
uni 31947 31886 32.86
uni 31951 31905 74.03
uni 31965 31951 48.11
uni 31837 31972 152.08
uni 31983 31965 41.36
uni 31972 31983 41.63
uni 31991 31837 149.58
uni 31995 32005 193.20
uni 31886 31837 24.24
uni 31905 31892 47.06
uni 31947 31886 32.86
uni 31951 31905 74.03
uni 31965 31951 48.11
uni 31837 31972 152.08
uni 31983 31965 41.36
uni 31972 31983 41.63
uni 31991 31837 149.58
uni 31995 32005 193.20
uni 31886 31837 24.24
uni 31905 31892 47.06
uni 31947 31886 32.86
uni 31951 31905 74.03
uni 31965 31951 48.11
uni 31837 31972 152.08
uni 31983 31965 41.36
uni 31972 31983 41.63
uni 31991 31837 149.58
uni 31995 32005 193.20
uni 31886 31837 24.24
uni 31905 31892 47.06
uni 31947 31886 32.86
uni 31951 31905 74.03
uni 31965 31951 48.11
uni 31837 31972 152.08
uni 31983 31965 41.36
uni 31972 31983 41.63
uni 31991 31837 149.58
uni 31995 32005 193.20
uni 31886 31837 24.24
uni 31905 31892 47.06
uni 31947 31886 32.86
uni 31951 31905 74.03
uni 31965 31951 48.11
uni 31837 31972 152.08
uni 31983 31965 41.36
uni 31972 31983 41.63
uni 31991 31837 149.58
uni 31995 32005 193.20
uni 31886 31837 24.24
uni 31905 31892 47.06
uni 31947 31886 32.86
uni 31951 31905 74.03
uni 31965 31951 48.11
uni 31965 31951 48.11
uni 31837 31972 152.08
uni 31983 31965 41.36
uni 31972 31983 41.63
uni 31991 31837 149.58
uni 31995 32005 193.20
uni 31837 31972 152.08
uni 31983 31965 41.36
uni 31972 31983 41.63
uni 31991 31837 149.58
uni 31995 32005 193.20
RESTRICCIONES :
NODOS_INICIALES:
31837
NODOS_TERMINO:
31965