NOMBRE : Renca Mediano
COMENTARIO : Caso real 2
VERTICES : 76
ARISTAS_REQ : 92
ARISTAS_NOREQ : 0
RESTRICCIONES : 0
NODOS_INICIALES : 1
NODOS_TERMINO : 1
LISTA_ARISTAS_REQ : 
uni 31886 31837 95.54 0
uni 31905 31892 59.61 0
uni 31947 31886 193.20 0
uni 31951 31905 193.20 0
uni 31965 31951 193.20 0
uni 31837 31972 193.20 0
uni 31983 31965 93.93 0
uni 31972 31983 193.20 0
uni 31991 31837 22.75 0
uni 31995 32005 181.94 0
uni 32004 31991 70.52 0
uni 32005 32004 193.20 0
uni 32006 31947 193.20 0
uni 32057 32006 179.51 0
uni 32144 32057 193.20 0
uni 31837 32165 171.25 0
uni 32211 32144 73.70 0
uni 32165 32253 193.20 0
uni 32288 32211 132.25 0
uni 32353 32288 193.20 0
uni 32518 32353 193.20 0
uni 32253 32518 104.80 0
uni 32619 32518 39.85 0
uni 32709 32619 193.20 0
uni 32518 32733 132.41 0
uni 32885 32709 89.69 0
uni 32733 32885 126.47 0
uni 31892 48797 103.45 0
bi 31930 31995 85.57 0
bi 31994 31930 193.20 0
bi 32046 31994 193.20 0
bi 32106 32005 181.24 0
bi 32107 32046 99.07 0
bi 32119 32004 193.20 0
bi 32106 32119 11.42 0
bi 32136 31991 193.20 0
bi 32119 32136 120.65 0
bi 32148 51522 193.20 0
bi 32136 32148 193.20 0
bi 32148 32165 90.21 0
bi 32188 32107 193.20 0
bi 32199 32106 145.33 0
bi 32216 32256 127.97 0
bi 32199 32253 193.20 0
bi 32255 32199 74.56 0
bi 32256 32255 148.51 0
bi 32270 32188 193.20 0
bi 32344 32270 193.20 0
bi 32430 32344 193.20 0
bi 32434 32256 48.07 0
bi 32430 32434 123.12 0
bi 32440 51539 109.49 0
bi 32434 32440 193.20 0
bi 32449 51540 180.61 0
bi 32440 32449 52.61 0
bi 32460 32255 123.62 0
bi 32449 32460 193.20 0
bi 32460 32490 193.20 0
bi 32490 32501 193.20 0
bi 32501 32519 193.20 0
bi 32517 32430 193.20 0
bi 32519 32518 107.56 0
bi 32603 32517 193.20 0
bi 32657 32490 193.20 0
bi 32658 32657 172.65 0
bi 32657 51553 141.13 0
bi 32673 32434 193.20 0
bi 32676 32519 72.72 0
bi 32677 32676 20.19 0
bi 32676 51556 193.20 0
bi 32684 32603 83.45 0
bi 32700 32460 84.15 0
bi 32673 32700 193.20 0
bi 32700 32719 24.96 0
bi 32718 32501 193.20 0
bi 32719 32718 154.45 0
bi 32718 32734 193.20 0
bi 32734 32733 64.10 0
bi 32751 32684 193.20 0
bi 32776 32700 193.20 0
bi 32777 32776 101.16 0
bi 32826 32751 193.20 0
bi 32896 32885 113.41 0
bi 32896 32734 83.55 0
bi 32902 32896 193.20 0
bi 32902 32719 86.42 0
bi 32912 32902 193.20 0
bi 32912 32776 193.20 0
bi 32917 32826 136.45 0
bi 32917 32912 193.20 0
bi 32440 52814 137.64 0
bi 31995 48797 54.18 0
LISTA_ARISTAS_NOREQ : 
CORDENADAS_NODOS :  
uni 31886 31837 24.24
uni 31905 31892 47.06
uni 31947 31886 32.86
uni 31951 31905 74.03
uni 31965 31951 48.11
uni 31837 31972 152.08
uni 31983 31965 41.36
uni 31972 31983 41.63
uni 31991 31837 149.58
uni 31995 32005 193.20
uni 31886 31837 24.24
uni 31905 31892 47.06
uni 31947 31886 32.86
uni 31951 31905 74.03
uni 31965 31951 48.11
uni 31837 31972 152.08
uni 31983 31965 41.36
uni 31972 31983 41.63
uni 31991 31837 149.58
uni 31995 32005 193.20
uni 31886 31837 24.24
uni 31905 31892 47.06
uni 31947 31886 32.86
uni 31951 31905 74.03
uni 31965 31951 48.11
uni 31837 31972 152.08
uni 31983 31965 41.36
uni 31972 31983 41.63
uni 31991 31837 149.58
uni 31995 32005 193.20
uni 31886 31837 24.24
uni 31905 31892 47.06
uni 31947 31886 32.86
uni 31951 31905 74.03
uni 31965 31951 48.11
uni 31837 31972 152.08
uni 31983 31965 41.36
uni 31972 31983 41.63
uni 31991 31837 149.58
uni 31995 32005 193.20
uni 31886 31837 24.24
uni 31905 31892 47.06
uni 31947 31886 32.86
uni 31951 31905 74.03
uni 31965 31951 48.11
uni 31837 31972 152.08
uni 31983 31965 41.36
uni 31972 31983 41.63
uni 31991 31837 149.58
uni 31995 32005 193.20
uni 31886 31837 24.24
uni 31905 31892 47.06
uni 31947 31886 32.86
uni 31951 31905 74.03
uni 31965 31951 48.11
uni 31837 31972 152.08
uni 31983 31965 41.36
uni 31972 31983 41.63
uni 31991 31837 149.58
uni 31995 32005 193.20
uni 31886 31837 24.24
uni 31905 31892 47.06
uni 31947 31886 32.86
uni 31951 31905 74.03
uni 31965 31951 48.11
uni 31965 31951 48.11
uni 31837 31972 152.08
uni 31983 31965 41.36
uni 31972 31983 41.63
uni 31991 31837 149.58
uni 31995 32005 193.20
uni 31837 31972 152.08
uni 31983 31965 41.36
uni 31972 31983 41.63
uni 31991 31837 149.58
uni 31995 32005 193.20
RESTRICCIONES :
NODOS_INICIALES:
31837
NODOS_TERMINO:
31965