NOMBRE : Instancia real grande
COMENTARIO : caso real 
VERTICES : 204 
ARISTAS_REQ : 293
ARISTAS_NOREQ : 0 
RESTRICCIONES : 0 
NODOS_INICIALES : 1 
NODOS_TERMINO : 1 
LISTA_ARISTAS_REQ : 
uni 31492 31752 222.89 1
uni 31752 31766 222.89 1
uni 31766 31794 164.06 1
uni 31773 31492 222.89 1
uni 31793 31773 96.99 1
uni 31794 31809 213.34 1
uni 31809 31826 222.89 1
uni 31818 31793 222.89 1
uni 31826 31818 222.89 1
uni 31829 31818 155.72 1
uni 31849 31829 187.88 1
uni 31871 31849 218.18 1
uni 31886 31837 186.59 1
uni 48797 31871 116.26 1
uni 31818 31995 222.89 1
uni 31905 31892 45.56 1
uni 31947 31886 222.89 1
uni 31951 31905 84.65 1
uni 31965 31951 222.89 1
uni 31837 31972 173.60 1
uni 31983 31965 222.89 1
uni 31972 31983 57.49 1
uni 31991 31837 21.69 1
uni 31995 32005 222.89 1
uni 32004 31991 222.89 1
uni 32005 32004 141.92 1
uni 32006 31947 44.71 1
uni 32057 32006 222.89 1
uni 32144 32057 222.89 1
uni 31837 32165 83.25 1
uni 32211 32144 182.80 1
uni 32165 32253 162.88 1
uni 32288 32211 176.19 1
uni 32353 32288 222.89 1
uni 32518 32353 170.96 1
uni 32253 32518 100.55 1
uni 32619 32518 174.17 1
uni 32709 32619 33.11 1
uni 32518 32733 222.89 1
uni 32815 32735 214.87 1
uni 32885 32709 222.89 1
uni 32733 32885 222.89 1
uni 32887 32815 168.28 1
uni 32887 47103 73.95 1
bi 32735 47103 222.89 1
uni 31892 48797 222.89 1
bi 31833 31492 110.98 1
bi 31840 31794 222.89 1
bi 31850 31818 222.89 1
bi 31840 31850 222.89 1
bi 31853 31752 33.62 1
bi 31833 31853 216.28 1
bi 31902 31840 133.91 1
bi 31913 31850 222.89 1
bi 31902 31913 176.94 1
bi 31920 51511 131.10 1
bi 31930 31995 75.57 1
bi 31913 31930 158.46 1
bi 31931 31853 159.56 1
bi 31920 31931 222.89 1
bi 31936 31920 222.89 1
bi 31937 31766 222.89 1
bi 31931 31937 134.64 1
bi 31941 31902 114.37 1
bi 31937 31941 222.89 1
bi 31973 31941 95.47 1
bi 31973 31982 56.56 1
bi 31981 31913 57.28 1
bi 31982 31981 222.89 1
bi 31984 31833 141.94 1
bi 31994 31930 52.57 1
bi 31981 31994 222.89 1
bi 32011 31931 187.47 1
bi 31984 32011 76.52 1
bi 32035 31973 222.89 1
bi 32041 31982 28.03 1
bi 32035 32041 222.89 1
bi 32044 31981 211.45 1
bi 32041 32044 81.17 1
bi 32046 31994 147.93 1
bi 32044 32046 207.29 1
bi 32068 32011 222.89 1
bi 32072 31937 41.97 1
bi 32068 32072 222.89 1
bi 32086 32035 153.76 1
bi 32072 32086 222.89 1
bi 32095 32041 53.26 1
bi 32086 32095 83.23 1
bi 32101 32044 222.89 1
bi 32095 32101 222.89 1
bi 32106 32005 74.37 1
bi 32107 32046 60.74 1
bi 32101 32107 102.95 1
bi 32119 32004 222.89 1
bi 32106 32119 162.17 1
bi 32125 31984 222.89 1
bi 32136 31991 48.72 1
bi 32119 32136 112.36 1
bi 32138 32068 222.89 1
bi 32139 32138 222.89 1
bi 32148 51522 136.73 1
bi 32136 32148 89.23 1
bi 32148 32165 222.89 1
bi 32166 32086 43.19 1
bi 32173 32095 173.73 1
bi 32166 32173 222.89 1
bi 32177 32101 222.89 1
bi 32173 32177 183.62 1
bi 32188 32107 222.89 1
bi 32177 32188 83.02 1
bi 32199 32106 222.89 1
bi 32216 32256 106.35 1
bi 32217 32139 222.89 1
bi 32226 32138 222.89 1
bi 32217 32226 173.20 1
bi 32240 32072 222.89 1
bi 32243 32166 184.58 1
bi 32240 32243 222.89 1
bi 32243 32248 222.89 1
bi 32247 32173 222.89 1
bi 32248 32247 63.18 1
bi 32199 32253 113.79 1
bi 32255 32199 222.89 1
bi 32256 32255 222.89 1
bi 32263 32177 222.89 1
bi 32247 32263 151.60 1
bi 32263 32271 200.27 1
bi 32270 32188 213.20 1
bi 32271 32270 90.60 1
bi 32303 32217 216.49 1
bi 32304 51531 222.89 1
bi 32303 32304 222.89 1
bi 32308 51533 165.30 1
bi 32311 32226 222.89 1
bi 32308 32311 222.89 1
bi 32314 32304 222.89 1
bi 32317 32308 222.89 1
bi 32323 32248 125.10 1
bi 32332 32263 222.89 1
bi 32323 32332 168.87 1
bi 32341 32271 222.89 1
bi 32332 32341 68.61 1
bi 32344 32270 222.89 1
bi 32341 32344 222.89 1
bi 32393 32303 222.89 1
bi 32405 32311 117.16 1
bi 32393 32405 69.50 1
bi 32408 32240 222.89 1
bi 32405 32408 100.22 1
bi 32409 32243 172.90 1
bi 32408 32409 222.89 1
bi 32413 32323 217.53 1
bi 32409 32413 186.69 1
bi 32413 32421 222.89 1
bi 32420 32332 123.95 1
bi 32421 32420 222.89 1
bi 32420 32425 95.73 1
bi 32424 32341 186.64 1
bi 32425 32424 222.89 1
bi 32430 32344 15.08 1
bi 32424 32430 222.89 1
bi 32434 32256 222.89 1
bi 32430 32434 181.81 1
bi 32440 51539 222.89 1
bi 32434 32440 105.16 1
bi 32449 51540 128.99 1
bi 32440 32449 222.89 1
bi 32460 32255 131.68 1
bi 32449 32460 222.89 1
bi 32460 32490 222.89 1
bi 32475 32393 90.83 1
bi 32481 51542 212.40 1
bi 32475 32481 222.89 1
bi 32482 51543 222.89 1
bi 32485 32405 222.89 1
bi 32482 32485 222.89 1
bi 32490 32501 222.89 1
bi 32494 32481 118.30 1
bi 32496 32482 161.35 1
bi 32497 32421 42.13 1
bi 32501 32519 128.15 1
bi 32506 32420 25.92 1
bi 32497 32506 222.89 1
bi 32513 32424 32.08 1
bi 32517 32430 222.89 1
bi 32513 32517 47.02 1
bi 32519 32518 122.73 1
bi 32554 32475 170.32 1
bi 32554 32560 91.85 1
bi 32559 32485 158.76 1
bi 32560 32559 46.33 1
bi 32562 32408 99.25 1
bi 32559 32562 72.83 1
bi 32565 32409 194.67 1
bi 32562 32565 183.02 1
bi 32569 32413 144.11 1
bi 32565 32569 222.89 1
bi 32574 32497 222.89 1
bi 32569 32574 222.89 1
bi 32583 32506 222.89 1
bi 32574 32583 116.07 1
bi 32585 32425 222.89 1
bi 32583 32585 222.89 1
bi 32591 32513 62.19 1
bi 32585 32591 153.72 1
bi 32603 32517 128.47 1
bi 32591 32603 157.92 1
bi 32657 32490 222.89 1
bi 32658 32657 222.89 1
bi 32657 51553 96.08 1
bi 32660 32565 222.89 1
bi 32668 32574 59.93 1
bi 32660 32668 222.89 1
bi 32672 32583 202.11 1
bi 32668 32672 120.71 1
bi 32673 32434 222.89 1
bi 32676 32519 222.89 1
bi 32677 32676 182.96 1
bi 32678 32591 221.02 1
bi 32672 32678 222.89 1
bi 32676 51556 222.89 1
bi 32684 32603 222.89 1
bi 32678 32684 222.89 1
bi 32700 32460 222.89 1
bi 32673 32700 153.21 1
bi 32700 32719 222.89 1
bi 32718 32501 73.22 1
bi 32719 32718 143.00 1
bi 32718 32734 153.28 1
bi 32722 32562 154.41 1
bi 32724 32660 222.89 1
bi 32722 32724 148.76 1
bi 32729 32722 222.89 1
bi 32729 32559 222.89 1
bi 32734 32733 153.05 1
bi 32735 32554 66.07 1
bi 32739 32668 25.96 1
bi 32724 32739 48.38 1
bi 32740 32560 222.89 1
bi 32735 32740 222.89 1
bi 32740 32729 222.89 1
bi 32742 32672 222.89 1
bi 32739 32742 28.43 1
bi 32746 32678 222.89 1
bi 32742 32746 96.94 1
bi 32751 32684 203.02 1
bi 32746 32751 222.89 1
bi 32763 32722 166.20 1
bi 32769 32739 222.89 1
bi 32773 51563 61.26 1
bi 32776 32700 93.42 1
bi 32777 32776 222.89 1
bi 32794 51566 47.19 1
bi 32811 51567 222.89 1
bi 32811 32729 209.83 1
bi 32812 51563 222.89 1
bi 32819 32742 222.89 1
bi 32812 32819 222.89 1
bi 32815 32811 87.07 1
bi 32823 51566 222.89 1
bi 32826 32751 48.20 1
bi 32823 32826 135.65 1
bi 32850 32773 210.90 1
bi 32852 32812 20.36 1
bi 32850 32852 138.49 1
bi 32858 32794 222.89 1
bi 32860 32823 222.89 1
bi 32858 32860 222.89 1
bi 32892 32811 106.05 1
bi 32887 32892 127.49 1
bi 32895 51567 222.89 1
bi 32892 32895 222.89 1
bi 32896 32885 110.17 1
bi 32896 32734 133.39 1
bi 32897 32724 222.89 1
bi 32895 32897 222.89 1
bi 32901 32852 77.49 1
bi 32897 32901 95.21 1
bi 32902 32896 151.78 1
bi 32902 32719 222.89 1
bi 32910 32819 95.04 1
bi 32901 32910 222.89 1
bi 32912 32902 68.87 1
bi 32912 32776 222.89 1
bi 32913 32860 209.01 1
bi 32910 32913 222.89 1
bi 32917 32826 222.89 1
bi 32913 32917 207.05 1
bi 32917 32912 222.89 1
bi 32440 52814 222.89 1
bi 32125 32139 152.21 1
bi 31995 48797 36.64 1
bi 48797 31995 222.89 1
LISTA_ARISTAS_NOREQ :
CORDENADAS_NODOS :
1 1
1 1
1 1
1 1
1 1
1 1
1 1
1 1
1 1
1 1
1 1
1 1
1 1
1 1
1 1
1 1
1 1
1 1
1 1
1 1
1 1
1 1
1 1
1 1
1 1
1 1
1 1
1 1
1 1
1 1
1 1
1 1
1 1
1 1
1 1
1 1
1 1
1 1
1 1
1 1
1 1
1 1
1 1
1 1
1 1
1 1
1 1
1 1
1 1
1 1
1 1
1 1
1 1
1 1
1 1
1 1
1 1
1 1
1 1
1 1
1 1
1 1
1 1
1 1
1 1
1 1
1 1
1 1
1 1
1 1
1 1
1 1
1 1
1 1
1 1
1 1
1 1
1 1
1 1
1 1
1 1
1 1
1 1
1 1
1 1
1 1
1 1
1 1
1 1
1 1
1 1
1 1
1 1
1 1
1 1
1 1
1 1
1 1
1 1
1 1
1 1
1 1
1 1
1 1
1 1
1 1
1 1
1 1
1 1
1 1
1 1
1 1
1 1
1 1
1 1
1 1
1 1
1 1
1 1
1 1
1 1
1 1
1 1
1 1
1 1
1 1
1 1
1 1
1 1
1 1
1 1
1 1
1 1
1 1
1 1
1 1
1 1
1 1
1 1
1 1
1 1
1 1
1 1
1 1
1 1
1 1
1 1
1 1
1 1
1 1
1 1
1 1
1 1
1 1
1 1
1 1
1 1
1 1
1 1
1 1
1 1
1 1
1 1
1 1
1 1
1 1
1 1
1 1
1 1
1 1
1 1
1 1
1 1
1 1
1 1
1 1
1 1
1 1
1 1
1 1
1 1
1 1
1 1
1 1
1 1
1 1
1 1
1 1
1 1
1 1
1 1
1 1
1 1
1 1
1 1
1 1
1 1
1 1
1 1
1 1
1 1
1 1
1 1
1 1
RESTRICCIONES :
NODOS_INICIALES:
31837
NODOS_TERMINO:
31492