NOMBRE : Instancia real grande
COMENTARIO : caso real 
VERTICES : 204 
ARISTAS_REQ : 293
ARISTAS_NOREQ : 0 
RESTRICCIONES : 0 
NODOS_INICIALES : 1 
NODOS_TERMINO : 1 
LISTA_ARISTAS_REQ : 
uni 31492 31752 222.89 1
uni 31752 31766 127.75 1
uni 31766 31794 212.33 1
uni 31773 31492 222.89 1
uni 31793 31773 222.89 1
uni 31794 31809 222.89 1
uni 31809 31826 61.05 1
uni 31818 31793 222.89 1
uni 31826 31818 222.89 1
uni 31829 31818 222.89 1
uni 31849 31829 57.69 1
uni 31871 31849 222.89 1
uni 31886 31837 222.89 1
uni 48797 31871 222.89 1
uni 31818 31995 147.25 1
uni 31905 31892 222.89 1
uni 31947 31886 222.89 1
uni 31951 31905 222.89 1
uni 31965 31951 222.89 1
uni 31837 31972 88.02 1
uni 31983 31965 30.13 1
uni 31972 31983 222.89 1
uni 31991 31837 222.89 1
uni 31995 32005 222.89 1
uni 32004 31991 222.89 1
uni 32005 32004 95.84 1
uni 32006 31947 168.36 1
uni 32057 32006 182.51 1
uni 32144 32057 219.48 1
uni 31837 32165 222.89 1
uni 32211 32144 58.81 1
uni 32165 32253 105.34 1
uni 32288 32211 58.44 1
uni 32353 32288 222.89 1
uni 32518 32353 55.50 1
uni 32253 32518 164.13 1
uni 32619 32518 197.45 1
uni 32709 32619 83.22 1
uni 32518 32733 222.89 1
uni 32815 32735 222.89 1
uni 32885 32709 67.44 1
uni 32733 32885 222.89 1
uni 32887 32815 83.90 1
uni 32887 47103 222.89 1
bi 32735 47103 207.56 1
uni 31892 48797 222.89 1
bi 31833 31492 112.96 1
bi 31840 31794 222.89 1
bi 31850 31818 222.89 1
bi 31840 31850 222.89 1
bi 31853 31752 139.39 1
bi 31833 31853 222.89 1
bi 31902 31840 143.89 1
bi 31913 31850 4.84 1
bi 31902 31913 71.99 1
bi 31920 51511 222.89 1
bi 31930 31995 222.89 1
bi 31913 31930 20.08 1
bi 31931 31853 222.89 1
bi 31920 31931 174.73 1
bi 31936 31920 222.89 1
bi 31937 31766 212.26 1
bi 31931 31937 222.89 1
bi 31941 31902 195.45 1
bi 31937 31941 222.89 1
bi 31973 31941 222.89 1
bi 31973 31982 70.07 1
bi 31981 31913 222.89 1
bi 31982 31981 222.89 1
bi 31984 31833 188.57 1
bi 31994 31930 222.89 1
bi 31981 31994 48.51 1
bi 32011 31931 65.42 1
bi 31984 32011 61.15 1
bi 32035 31973 222.89 1
bi 32041 31982 222.89 1
bi 32035 32041 206.50 1
bi 32044 31981 163.52 1
bi 32041 32044 155.38 1
bi 32046 31994 150.30 1
bi 32044 32046 105.32 1
bi 32068 32011 205.15 1
bi 32072 31937 161.36 1
bi 32068 32072 185.95 1
bi 32086 32035 222.89 1
bi 32072 32086 65.38 1
bi 32095 32041 222.89 1
bi 32086 32095 222.89 1
bi 32101 32044 5.97 1
bi 32095 32101 104.49 1
bi 32106 32005 222.89 1
bi 32107 32046 138.08 1
bi 32101 32107 222.89 1
bi 32119 32004 123.25 1
bi 32106 32119 222.89 1
bi 32125 31984 95.33 1
bi 32136 31991 222.89 1
bi 32119 32136 44.19 1
bi 32138 32068 194.28 1
bi 32139 32138 222.89 1
bi 32148 51522 222.89 1
bi 32136 32148 172.86 1
bi 32148 32165 93.27 1
bi 32166 32086 93.29 1
bi 32173 32095 222.89 1
bi 32166 32173 174.45 1
bi 32177 32101 86.96 1
bi 32173 32177 201.91 1
bi 32188 32107 33.60 1
bi 32177 32188 36.78 1
bi 32199 32106 222.89 1
bi 32216 32256 81.79 1
bi 32217 32139 96.26 1
bi 32226 32138 222.89 1
bi 32217 32226 50.48 1
bi 32240 32072 222.89 1
bi 32243 32166 211.25 1
bi 32240 32243 28.94 1
bi 32243 32248 122.07 1
bi 32247 32173 104.14 1
bi 32248 32247 41.54 1
bi 32199 32253 50.52 1
bi 32255 32199 208.49 1
bi 32256 32255 222.89 1
bi 32263 32177 89.04 1
bi 32247 32263 222.89 1
bi 32263 32271 15.36 1
bi 32270 32188 219.29 1
bi 32271 32270 156.84 1
bi 32303 32217 132.23 1
bi 32304 51531 191.46 1
bi 32303 32304 176.23 1
bi 32308 51533 222.89 1
bi 32311 32226 58.33 1
bi 32308 32311 115.69 1
bi 32314 32304 222.89 1
bi 32317 32308 104.58 1
bi 32323 32248 150.94 1
bi 32332 32263 34.88 1
bi 32323 32332 212.52 1
bi 32341 32271 222.89 1
bi 32332 32341 222.89 1
bi 32344 32270 222.89 1
bi 32341 32344 29.80 1
bi 32393 32303 72.96 1
bi 32405 32311 62.74 1
bi 32393 32405 222.89 1
bi 32408 32240 151.86 1
bi 32405 32408 222.89 1
bi 32409 32243 171.98 1
bi 32408 32409 104.32 1
bi 32413 32323 222.89 1
bi 32409 32413 72.88 1
bi 32413 32421 222.89 1
bi 32420 32332 111.22 1
bi 32421 32420 222.89 1
bi 32420 32425 222.89 1
bi 32424 32341 170.01 1
bi 32425 32424 50.52 1
bi 32430 32344 133.14 1
bi 32424 32430 222.89 1
bi 32434 32256 222.89 1
bi 32430 32434 105.29 1
bi 32440 51539 159.86 1
bi 32434 32440 165.26 1
bi 32449 51540 176.51 1
bi 32440 32449 222.89 1
bi 32460 32255 222.89 1
bi 32449 32460 65.88 1
bi 32460 32490 222.89 1
bi 32475 32393 222.89 1
bi 32481 51542 222.89 1
bi 32475 32481 28.43 1
bi 32482 51543 222.89 1
bi 32485 32405 222.89 1
bi 32482 32485 111.39 1
bi 32490 32501 222.89 1
bi 32494 32481 222.89 1
bi 32496 32482 222.89 1
bi 32497 32421 39.87 1
bi 32501 32519 86.88 1
bi 32506 32420 222.89 1
bi 32497 32506 67.05 1
bi 32513 32424 222.89 1
bi 32517 32430 179.40 1
bi 32513 32517 222.89 1
bi 32519 32518 222.89 1
bi 32554 32475 222.89 1
bi 32554 32560 125.22 1
bi 32559 32485 40.36 1
bi 32560 32559 127.52 1
bi 32562 32408 222.89 1
bi 32559 32562 222.89 1
bi 32565 32409 222.89 1
bi 32562 32565 72.52 1
bi 32569 32413 74.05 1
bi 32565 32569 191.76 1
bi 32574 32497 222.89 1
bi 32569 32574 164.36 1
bi 32583 32506 187.25 1
bi 32574 32583 222.89 1
bi 32585 32425 22.35 1
bi 32583 32585 58.00 1
bi 32591 32513 170.93 1
bi 32585 32591 222.89 1
bi 32603 32517 121.15 1
bi 32591 32603 222.89 1
bi 32657 32490 144.18 1
bi 32658 32657 186.36 1
bi 32657 51553 222.89 1
bi 32660 32565 222.89 1
bi 32668 32574 150.88 1
bi 32660 32668 162.42 1
bi 32672 32583 152.31 1
bi 32668 32672 222.89 1
bi 32673 32434 114.17 1
bi 32676 32519 23.30 1
bi 32677 32676 222.89 1
bi 32678 32591 47.04 1
bi 32672 32678 111.75 1
bi 32676 51556 46.16 1
bi 32684 32603 222.89 1
bi 32678 32684 178.26 1
bi 32700 32460 217.33 1
bi 32673 32700 84.93 1
bi 32700 32719 222.89 1
bi 32718 32501 222.89 1
bi 32719 32718 213.68 1
bi 32718 32734 198.72 1
bi 32722 32562 121.57 1
bi 32724 32660 36.70 1
bi 32722 32724 185.25 1
bi 32729 32722 222.89 1
bi 32729 32559 175.40 1
bi 32734 32733 153.35 1
bi 32735 32554 179.84 1
bi 32739 32668 222.89 1
bi 32724 32739 222.89 1
bi 32740 32560 92.23 1
bi 32735 32740 222.89 1
bi 32740 32729 49.08 1
bi 32742 32672 204.73 1
bi 32739 32742 222.89 1
bi 32746 32678 110.18 1
bi 32742 32746 98.69 1
bi 32751 32684 222.89 1
bi 32746 32751 141.97 1
bi 32763 32722 204.47 1
bi 32769 32739 127.21 1
bi 32773 51563 67.04 1
bi 32776 32700 111.77 1
bi 32777 32776 222.89 1
bi 32794 51566 78.71 1
bi 32811 51567 153.99 1
bi 32811 32729 222.89 1
bi 32812 51563 168.87 1
bi 32819 32742 75.43 1
bi 32812 32819 222.89 1
bi 32815 32811 222.89 1
bi 32823 51566 36.88 1
bi 32826 32751 222.89 1
bi 32823 32826 222.89 1
bi 32850 32773 167.63 1
bi 32852 32812 51.29 1
bi 32850 32852 66.53 1
bi 32858 32794 121.56 1
bi 32860 32823 69.94 1
bi 32858 32860 158.52 1
bi 32892 32811 171.11 1
bi 32887 32892 136.63 1
bi 32895 51567 62.99 1
bi 32892 32895 222.89 1
bi 32896 32885 106.13 1
bi 32896 32734 148.98 1
bi 32897 32724 122.55 1
bi 32895 32897 146.32 1
bi 32901 32852 79.42 1
bi 32897 32901 51.90 1
bi 32902 32896 57.85 1
bi 32902 32719 222.89 1
bi 32910 32819 104.82 1
bi 32901 32910 222.89 1
bi 32912 32902 61.57 1
bi 32912 32776 46.40 1
bi 32913 32860 222.89 1
bi 32910 32913 147.61 1
bi 32917 32826 222.89 1
bi 32913 32917 70.14 1
bi 32917 32912 21.27 1
bi 32440 52814 62.24 1
bi 32125 32139 164.96 1
bi 31995 48797 20.57 1
bi 48797 31995 59.41 1
LISTA_ARISTAS_NOREQ :
CORDENADAS_NODOS :
1 1
1 1
1 1
1 1
1 1
1 1
1 1
1 1
1 1
1 1
1 1
1 1
1 1
1 1
1 1
1 1
1 1
1 1
1 1
1 1
1 1
1 1
1 1
1 1
1 1
1 1
1 1
1 1
1 1
1 1
1 1
1 1
1 1
1 1
1 1
1 1
1 1
1 1
1 1
1 1
1 1
1 1
1 1
1 1
1 1
1 1
1 1
1 1
1 1
1 1
1 1
1 1
1 1
1 1
1 1
1 1
1 1
1 1
1 1
1 1
1 1
1 1
1 1
1 1
1 1
1 1
1 1
1 1
1 1
1 1
1 1
1 1
1 1
1 1
1 1
1 1
1 1
1 1
1 1
1 1
1 1
1 1
1 1
1 1
1 1
1 1
1 1
1 1
1 1
1 1
1 1
1 1
1 1
1 1
1 1
1 1
1 1
1 1
1 1
1 1
1 1
1 1
1 1
1 1
1 1
1 1
1 1
1 1
1 1
1 1
1 1
1 1
1 1
1 1
1 1
1 1
1 1
1 1
1 1
1 1
1 1
1 1
1 1
1 1
1 1
1 1
1 1
1 1
1 1
1 1
1 1
1 1
1 1
1 1
1 1
1 1
1 1
1 1
1 1
1 1
1 1
1 1
1 1
1 1
1 1
1 1
1 1
1 1
1 1
1 1
1 1
1 1
1 1
1 1
1 1
1 1
1 1
1 1
1 1
1 1
1 1
1 1
1 1
1 1
1 1
1 1
1 1
1 1
1 1
1 1
1 1
1 1
1 1
1 1
1 1
1 1
1 1
1 1
1 1
1 1
1 1
1 1
1 1
1 1
1 1
1 1
1 1
1 1
1 1
1 1
1 1
1 1
1 1
1 1
1 1
1 1
1 1
1 1
1 1
1 1
1 1
1 1
1 1
1 1
RESTRICCIONES :
NODOS_INICIALES:
31837
NODOS_TERMINO:
31492