NOMBRE : Renca Mediano
COMENTARIO : Caso real 2
VERTICES : 76
ARISTAS_REQ : 92
ARISTAS_NOREQ : 0
RESTRICCIONES : 0
NODOS_INICIALES : 1
NODOS_TERMINO : 1
LISTA_ARISTAS_REQ : 
uni 31886 31837 63.15 0
uni 31905 31892 62.72 0
uni 31947 31886 55.91 0
uni 31951 31905 135.78 0
uni 31965 31951 193.20 0
uni 31837 31972 193.20 0
uni 31983 31965 177.49 0
uni 31972 31983 120.08 0
uni 31991 31837 193.20 0
uni 31995 32005 193.20 0
uni 32004 31991 193.20 0
uni 32005 32004 186.08 0
uni 32006 31947 65.97 0
uni 32057 32006 193.20 0
uni 32144 32057 70.75 0
uni 31837 32165 193.20 0
uni 32211 32144 193.20 0
uni 32165 32253 193.20 0
uni 32288 32211 193.20 0
uni 32353 32288 176.86 0
uni 32518 32353 162.13 0
uni 32253 32518 76.66 0
uni 32619 32518 77.94 0
uni 32709 32619 133.48 0
uni 32518 32733 193.20 0
uni 32885 32709 193.20 0
uni 32733 32885 30.85 0
uni 31892 48797 84.26 0
bi 31930 31995 73.46 0
bi 31994 31930 193.20 0
bi 32046 31994 193.20 0
bi 32106 32005 193.20 0
bi 32107 32046 193.20 0
bi 32119 32004 193.20 0
bi 32106 32119 59.19 0
bi 32136 31991 193.20 0
bi 32119 32136 59.57 0
bi 32148 51522 59.19 0
bi 32136 32148 90.65 0
bi 32148 32165 38.94 0
bi 32188 32107 193.20 0
bi 32199 32106 155.69 0
bi 32216 32256 193.20 0
bi 32199 32253 54.07 0
bi 32255 32199 135.10 0
bi 32256 32255 187.69 0
bi 32270 32188 193.20 0
bi 32344 32270 193.20 0
bi 32430 32344 191.08 0
bi 32434 32256 193.20 0
bi 32430 32434 121.21 0
bi 32440 51539 193.20 0
bi 32434 32440 75.90 0
bi 32449 51540 193.20 0
bi 32440 32449 193.20 0
bi 32460 32255 193.20 0
bi 32449 32460 193.20 0
bi 32460 32490 112.01 0
bi 32490 32501 163.98 0
bi 32501 32519 139.66 0
bi 32517 32430 123.95 0
bi 32519 32518 193.20 0
bi 32603 32517 37.23 0
bi 32657 32490 193.20 0
bi 32658 32657 102.91 0
bi 32657 51553 25.40 0
bi 32673 32434 143.14 0
bi 32676 32519 39.23 0
bi 32677 32676 152.85 0
bi 32676 51556 193.20 0
bi 32684 32603 193.20 0
bi 32700 32460 193.20 0
bi 32673 32700 193.20 0
bi 32700 32719 58.11 0
bi 32718 32501 193.20 0
bi 32719 32718 193.20 0
bi 32718 32734 193.20 0
bi 32734 32733 193.20 0
bi 32751 32684 193.20 0
bi 32776 32700 65.91 0
bi 32777 32776 193.20 0
bi 32826 32751 41.76 0
bi 32896 32885 77.27 0
bi 32896 32734 187.13 0
bi 32902 32896 80.82 0
bi 32902 32719 193.20 0
bi 32912 32902 193.04 0
bi 32912 32776 138.13 0
bi 32917 32826 119.72 0
bi 32917 32912 151.51 0
bi 32440 52814 193.20 0
bi 31995 48797 193.20 0
LISTA_ARISTAS_NOREQ : 
CORDENADAS_NODOS :  
uni 31886 31837 24.24
uni 31905 31892 47.06
uni 31947 31886 32.86
uni 31951 31905 74.03
uni 31965 31951 48.11
uni 31837 31972 152.08
uni 31983 31965 41.36
uni 31972 31983 41.63
uni 31991 31837 149.58
uni 31995 32005 193.20
uni 31886 31837 24.24
uni 31905 31892 47.06
uni 31947 31886 32.86
uni 31951 31905 74.03
uni 31965 31951 48.11
uni 31837 31972 152.08
uni 31983 31965 41.36
uni 31972 31983 41.63
uni 31991 31837 149.58
uni 31995 32005 193.20
uni 31886 31837 24.24
uni 31905 31892 47.06
uni 31947 31886 32.86
uni 31951 31905 74.03
uni 31965 31951 48.11
uni 31837 31972 152.08
uni 31983 31965 41.36
uni 31972 31983 41.63
uni 31991 31837 149.58
uni 31995 32005 193.20
uni 31886 31837 24.24
uni 31905 31892 47.06
uni 31947 31886 32.86
uni 31951 31905 74.03
uni 31965 31951 48.11
uni 31837 31972 152.08
uni 31983 31965 41.36
uni 31972 31983 41.63
uni 31991 31837 149.58
uni 31995 32005 193.20
uni 31886 31837 24.24
uni 31905 31892 47.06
uni 31947 31886 32.86
uni 31951 31905 74.03
uni 31965 31951 48.11
uni 31837 31972 152.08
uni 31983 31965 41.36
uni 31972 31983 41.63
uni 31991 31837 149.58
uni 31995 32005 193.20
uni 31886 31837 24.24
uni 31905 31892 47.06
uni 31947 31886 32.86
uni 31951 31905 74.03
uni 31965 31951 48.11
uni 31837 31972 152.08
uni 31983 31965 41.36
uni 31972 31983 41.63
uni 31991 31837 149.58
uni 31995 32005 193.20
uni 31886 31837 24.24
uni 31905 31892 47.06
uni 31947 31886 32.86
uni 31951 31905 74.03
uni 31965 31951 48.11
uni 31965 31951 48.11
uni 31837 31972 152.08
uni 31983 31965 41.36
uni 31972 31983 41.63
uni 31991 31837 149.58
uni 31995 32005 193.20
uni 31837 31972 152.08
uni 31983 31965 41.36
uni 31972 31983 41.63
uni 31991 31837 149.58
uni 31995 32005 193.20
RESTRICCIONES :
NODOS_INICIALES:
31837
NODOS_TERMINO:
31965