NOMBRE : Renca Mediano
COMENTARIO : Caso real 2
VERTICES : 76
ARISTAS_REQ : 92
ARISTAS_NOREQ : 0
RESTRICCIONES : 0
NODOS_INICIALES : 1
NODOS_TERMINO : 1
LISTA_ARISTAS_REQ : 
uni 31886 31837 106.33 0
uni 31905 31892 137.36 0
uni 31947 31886 97.87 0
uni 31951 31905 110.56 0
uni 31965 31951 109.62 0
uni 31837 31972 123.48 0
uni 31983 31965 103.72 0
uni 31972 31983 138.32 0
uni 31991 31837 113.93 0
uni 31995 32005 129.12 0
uni 32004 31991 132.98 0
uni 32005 32004 122.93 0
uni 32006 31947 83.01 0
uni 32057 32006 62.21 0
uni 32144 32057 135.82 0
uni 31837 32165 115.71 0
uni 32211 32144 126.21 0
uni 32165 32253 128.87 0
uni 32288 32211 105.55 0
uni 32353 32288 102.22 0
uni 32518 32353 83.55 0
uni 32253 32518 125.91 0
uni 32619 32518 69.01 0
uni 32709 32619 43.16 0
uni 32518 32733 125.61 0
uni 32885 32709 93.37 0
uni 32733 32885 85.24 0
uni 31892 48797 115.03 0
bi 31930 31995 66.97 0
bi 31994 31930 172.39 0
bi 32046 31994 34.48 0
bi 32106 32005 110.82 0
bi 32107 32046 82.44 0
bi 32119 32004 95.53 0
bi 32106 32119 76.46 0
bi 32136 31991 124.26 0
bi 32119 32136 89.76 0
bi 32148 51522 110.99 0
bi 32136 32148 142.56 0
bi 32148 32165 92.60 0
bi 32188 32107 92.33 0
bi 32199 32106 77.86 0
bi 32216 32256 104.27 0
bi 32199 32253 90.84 0
bi 32255 32199 54.06 0
bi 32256 32255 158.16 0
bi 32270 32188 85.70 0
bi 32344 32270 45.23 0
bi 32430 32344 70.74 0
bi 32434 32256 123.57 0
bi 32430 32434 166.47 0
bi 32440 51539 84.17 0
bi 32434 32440 131.35 0
bi 32449 51540 135.51 0
bi 32440 32449 101.95 0
bi 32460 32255 126.04 0
bi 32449 32460 36.59 0
bi 32460 32490 93.25 0
bi 32490 32501 125.80 0
bi 32501 32519 94.58 0
bi 32517 32430 146.95 0
bi 32519 32518 160.47 0
bi 32603 32517 132.95 0
bi 32657 32490 128.95 0
bi 32658 32657 117.20 0
bi 32657 51553 152.30 0
bi 32673 32434 105.46 0
bi 32676 32519 138.82 0
bi 32677 32676 85.04 0
bi 32676 51556 122.62 0
bi 32684 32603 85.18 0
bi 32700 32460 36.81 0
bi 32673 32700 66.64 0
bi 32700 32719 133.54 0
bi 32718 32501 117.88 0
bi 32719 32718 72.81 0
bi 32718 32734 66.45 0
bi 32734 32733 90.58 0
bi 32751 32684 77.48 0
bi 32776 32700 80.04 0
bi 32777 32776 127.70 0
bi 32826 32751 119.73 0
bi 32896 32885 95.98 0
bi 32896 32734 97.29 0
bi 32902 32896 104.15 0
bi 32902 32719 57.48 0
bi 32912 32902 34.36 0
bi 32912 32776 110.32 0
bi 32917 32826 84.28 0
bi 32917 32912 134.73 0
bi 32440 52814 155.54 0
bi 31995 48797 115.20 0
LISTA_ARISTAS_NOREQ : 
CORDENADAS_NODOS :  
uni 31886 31837 24.24
uni 31905 31892 47.06
uni 31947 31886 32.86
uni 31951 31905 74.03
uni 31965 31951 48.11
uni 31837 31972 152.08
uni 31983 31965 41.36
uni 31972 31983 41.63
uni 31991 31837 149.58
uni 31995 32005 193.20
uni 31886 31837 24.24
uni 31905 31892 47.06
uni 31947 31886 32.86
uni 31951 31905 74.03
uni 31965 31951 48.11
uni 31837 31972 152.08
uni 31983 31965 41.36
uni 31972 31983 41.63
uni 31991 31837 149.58
uni 31995 32005 193.20
uni 31886 31837 24.24
uni 31905 31892 47.06
uni 31947 31886 32.86
uni 31951 31905 74.03
uni 31965 31951 48.11
uni 31837 31972 152.08
uni 31983 31965 41.36
uni 31972 31983 41.63
uni 31991 31837 149.58
uni 31995 32005 193.20
uni 31886 31837 24.24
uni 31905 31892 47.06
uni 31947 31886 32.86
uni 31951 31905 74.03
uni 31965 31951 48.11
uni 31837 31972 152.08
uni 31983 31965 41.36
uni 31972 31983 41.63
uni 31991 31837 149.58
uni 31995 32005 193.20
uni 31886 31837 24.24
uni 31905 31892 47.06
uni 31947 31886 32.86
uni 31951 31905 74.03
uni 31965 31951 48.11
uni 31837 31972 152.08
uni 31983 31965 41.36
uni 31972 31983 41.63
uni 31991 31837 149.58
uni 31995 32005 193.20
uni 31886 31837 24.24
uni 31905 31892 47.06
uni 31947 31886 32.86
uni 31951 31905 74.03
uni 31965 31951 48.11
uni 31837 31972 152.08
uni 31983 31965 41.36
uni 31972 31983 41.63
uni 31991 31837 149.58
uni 31995 32005 193.20
uni 31886 31837 24.24
uni 31905 31892 47.06
uni 31947 31886 32.86
uni 31951 31905 74.03
uni 31965 31951 48.11
uni 31965 31951 48.11
uni 31837 31972 152.08
uni 31983 31965 41.36
uni 31972 31983 41.63
uni 31991 31837 149.58
uni 31995 32005 193.20
uni 31837 31972 152.08
uni 31983 31965 41.36
uni 31972 31983 41.63
uni 31991 31837 149.58
uni 31995 32005 193.20
RESTRICCIONES :
NODOS_INICIALES:
31837
NODOS_TERMINO:
31965