NOMBRE : Renca Mediano
COMENTARIO : Caso real 2
VERTICES : 76
ARISTAS_REQ : 92
ARISTAS_NOREQ : 0
RESTRICCIONES : 0
NODOS_INICIALES : 1
NODOS_TERMINO : 1
LISTA_ARISTAS_REQ : 
uni 31886 31837 193.20 0
uni 31905 31892 193.20 0
uni 31947 31886 193.20 0
uni 31951 31905 98.43 0
uni 31965 31951 193.20 0
uni 31837 31972 106.32 0
uni 31983 31965 68.79 0
uni 31972 31983 56.08 0
uni 31991 31837 125.15 0
uni 31995 32005 193.20 0
uni 32004 31991 120.50 0
uni 32005 32004 90.91 0
uni 32006 31947 136.82 0
uni 32057 32006 193.20 0
uni 32144 32057 187.60 0
uni 31837 32165 193.20 0
uni 32211 32144 193.20 0
uni 32165 32253 109.22 0
uni 32288 32211 193.20 0
uni 32353 32288 129.64 0
uni 32518 32353 193.20 0
uni 32253 32518 74.58 0
uni 32619 32518 193.20 0
uni 32709 32619 193.20 0
uni 32518 32733 125.61 0
uni 32885 32709 108.68 0
uni 32733 32885 111.45 0
uni 31892 48797 193.20 0
bi 31930 31995 193.20 0
bi 31994 31930 193.20 0
bi 32046 31994 193.20 0
bi 32106 32005 63.19 0
bi 32107 32046 79.13 0
bi 32119 32004 23.46 0
bi 32106 32119 193.20 0
bi 32136 31991 148.93 0
bi 32119 32136 49.34 0
bi 32148 51522 193.20 0
bi 32136 32148 193.20 0
bi 32148 32165 193.20 0
bi 32188 32107 193.20 0
bi 32199 32106 186.26 0
bi 32216 32256 112.81 0
bi 32199 32253 193.20 0
bi 32255 32199 80.41 0
bi 32256 32255 164.08 0
bi 32270 32188 193.20 0
bi 32344 32270 193.20 0
bi 32430 32344 193.20 0
bi 32434 32256 193.20 0
bi 32430 32434 25.25 0
bi 32440 51539 108.28 0
bi 32434 32440 38.32 0
bi 32449 51540 191.79 0
bi 32440 32449 128.19 0
bi 32460 32255 193.20 0
bi 32449 32460 178.19 0
bi 32460 32490 26.81 0
bi 32490 32501 18.85 0
bi 32501 32519 174.78 0
bi 32517 32430 79.56 0
bi 32519 32518 193.20 0
bi 32603 32517 48.51 0
bi 32657 32490 41.72 0
bi 32658 32657 193.20 0
bi 32657 51553 56.14 0
bi 32673 32434 67.11 0
bi 32676 32519 193.20 0
bi 32677 32676 193.20 0
bi 32676 51556 118.50 0
bi 32684 32603 159.71 0
bi 32700 32460 193.20 0
bi 32673 32700 193.20 0
bi 32700 32719 193.20 0
bi 32718 32501 180.87 0
bi 32719 32718 193.20 0
bi 32718 32734 147.55 0
bi 32734 32733 148.28 0
bi 32751 32684 193.20 0
bi 32776 32700 193.20 0
bi 32777 32776 79.36 0
bi 32826 32751 193.20 0
bi 32896 32885 47.49 0
bi 32896 32734 151.34 0
bi 32902 32896 125.21 0
bi 32902 32719 78.66 0
bi 32912 32902 41.05 0
bi 32912 32776 193.20 0
bi 32917 32826 17.17 0
bi 32917 32912 69.05 0
bi 32440 52814 79.14 0
bi 31995 48797 81.31 0
LISTA_ARISTAS_NOREQ : 
CORDENADAS_NODOS :  
uni 31886 31837 24.24
uni 31905 31892 47.06
uni 31947 31886 32.86
uni 31951 31905 74.03
uni 31965 31951 48.11
uni 31837 31972 152.08
uni 31983 31965 41.36
uni 31972 31983 41.63
uni 31991 31837 149.58
uni 31995 32005 193.20
uni 31886 31837 24.24
uni 31905 31892 47.06
uni 31947 31886 32.86
uni 31951 31905 74.03
uni 31965 31951 48.11
uni 31837 31972 152.08
uni 31983 31965 41.36
uni 31972 31983 41.63
uni 31991 31837 149.58
uni 31995 32005 193.20
uni 31886 31837 24.24
uni 31905 31892 47.06
uni 31947 31886 32.86
uni 31951 31905 74.03
uni 31965 31951 48.11
uni 31837 31972 152.08
uni 31983 31965 41.36
uni 31972 31983 41.63
uni 31991 31837 149.58
uni 31995 32005 193.20
uni 31886 31837 24.24
uni 31905 31892 47.06
uni 31947 31886 32.86
uni 31951 31905 74.03
uni 31965 31951 48.11
uni 31837 31972 152.08
uni 31983 31965 41.36
uni 31972 31983 41.63
uni 31991 31837 149.58
uni 31995 32005 193.20
uni 31886 31837 24.24
uni 31905 31892 47.06
uni 31947 31886 32.86
uni 31951 31905 74.03
uni 31965 31951 48.11
uni 31837 31972 152.08
uni 31983 31965 41.36
uni 31972 31983 41.63
uni 31991 31837 149.58
uni 31995 32005 193.20
uni 31886 31837 24.24
uni 31905 31892 47.06
uni 31947 31886 32.86
uni 31951 31905 74.03
uni 31965 31951 48.11
uni 31837 31972 152.08
uni 31983 31965 41.36
uni 31972 31983 41.63
uni 31991 31837 149.58
uni 31995 32005 193.20
uni 31886 31837 24.24
uni 31905 31892 47.06
uni 31947 31886 32.86
uni 31951 31905 74.03
uni 31965 31951 48.11
uni 31965 31951 48.11
uni 31837 31972 152.08
uni 31983 31965 41.36
uni 31972 31983 41.63
uni 31991 31837 149.58
uni 31995 32005 193.20
uni 31837 31972 152.08
uni 31983 31965 41.36
uni 31972 31983 41.63
uni 31991 31837 149.58
uni 31995 32005 193.20
RESTRICCIONES :
NODOS_INICIALES:
31837
NODOS_TERMINO:
31965