NOMBRE : Renca Mediano
COMENTARIO : Caso real 2
VERTICES : 76
ARISTAS_REQ : 92
ARISTAS_NOREQ : 0
RESTRICCIONES : 0
NODOS_INICIALES : 1
NODOS_TERMINO : 1
LISTA_ARISTAS_REQ : 
uni 31886 31837 163.55 0
uni 31905 31892 193.20 0
uni 31947 31886 158.30 0
uni 31951 31905 80.56 0
uni 31965 31951 43.26 0
uni 31837 31972 63.47 0
uni 31983 31965 125.04 0
uni 31972 31983 193.20 0
uni 31991 31837 193.20 0
uni 31995 32005 191.63 0
uni 32004 31991 44.74 0
uni 32005 32004 137.98 0
uni 32006 31947 73.96 0
uni 32057 32006 98.18 0
uni 32144 32057 99.15 0
uni 31837 32165 169.91 0
uni 32211 32144 54.15 0
uni 32165 32253 72.58 0
uni 32288 32211 126.54 0
uni 32353 32288 46.56 0
uni 32518 32353 193.20 0
uni 32253 32518 193.20 0
uni 32619 32518 115.80 0
uni 32709 32619 193.20 0
uni 32518 32733 81.46 0
uni 32885 32709 132.48 0
uni 32733 32885 191.25 0
uni 31892 48797 193.20 0
bi 31930 31995 193.20 0
bi 31994 31930 35.92 0
bi 32046 31994 67.13 0
bi 32106 32005 193.20 0
bi 32107 32046 24.64 0
bi 32119 32004 193.20 0
bi 32106 32119 193.20 0
bi 32136 31991 193.20 0
bi 32119 32136 162.28 0
bi 32148 51522 131.13 0
bi 32136 32148 32.81 0
bi 32148 32165 174.74 0
bi 32188 32107 61.13 0
bi 32199 32106 193.20 0
bi 32216 32256 193.20 0
bi 32199 32253 193.20 0
bi 32255 32199 120.64 0
bi 32256 32255 193.20 0
bi 32270 32188 193.20 0
bi 32344 32270 70.60 0
bi 32430 32344 193.20 0
bi 32434 32256 30.10 0
bi 32430 32434 47.67 0
bi 32440 51539 156.53 0
bi 32434 32440 98.46 0
bi 32449 51540 72.43 0
bi 32440 32449 162.99 0
bi 32460 32255 118.89 0
bi 32449 32460 193.20 0
bi 32460 32490 193.20 0
bi 32490 32501 193.20 0
bi 32501 32519 179.27 0
bi 32517 32430 193.20 0
bi 32519 32518 62.68 0
bi 32603 32517 106.58 0
bi 32657 32490 54.08 0
bi 32658 32657 61.31 0
bi 32657 51553 193.20 0
bi 32673 32434 193.20 0
bi 32676 32519 83.62 0
bi 32677 32676 92.58 0
bi 32676 51556 75.87 0
bi 32684 32603 158.38 0
bi 32700 32460 193.20 0
bi 32673 32700 193.20 0
bi 32700 32719 74.26 0
bi 32718 32501 79.69 0
bi 32719 32718 193.20 0
bi 32718 32734 193.20 0
bi 32734 32733 109.18 0
bi 32751 32684 193.20 0
bi 32776 32700 66.01 0
bi 32777 32776 157.26 0
bi 32826 32751 108.00 0
bi 32896 32885 114.28 0
bi 32896 32734 86.41 0
bi 32902 32896 83.17 0
bi 32902 32719 193.20 0
bi 32912 32902 25.95 0
bi 32912 32776 152.48 0
bi 32917 32826 117.86 0
bi 32917 32912 70.79 0
bi 32440 52814 65.74 0
bi 31995 48797 193.20 0
LISTA_ARISTAS_NOREQ : 
CORDENADAS_NODOS :  
uni 31886 31837 24.24
uni 31905 31892 47.06
uni 31947 31886 32.86
uni 31951 31905 74.03
uni 31965 31951 48.11
uni 31837 31972 152.08
uni 31983 31965 41.36
uni 31972 31983 41.63
uni 31991 31837 149.58
uni 31995 32005 193.20
uni 31886 31837 24.24
uni 31905 31892 47.06
uni 31947 31886 32.86
uni 31951 31905 74.03
uni 31965 31951 48.11
uni 31837 31972 152.08
uni 31983 31965 41.36
uni 31972 31983 41.63
uni 31991 31837 149.58
uni 31995 32005 193.20
uni 31886 31837 24.24
uni 31905 31892 47.06
uni 31947 31886 32.86
uni 31951 31905 74.03
uni 31965 31951 48.11
uni 31837 31972 152.08
uni 31983 31965 41.36
uni 31972 31983 41.63
uni 31991 31837 149.58
uni 31995 32005 193.20
uni 31886 31837 24.24
uni 31905 31892 47.06
uni 31947 31886 32.86
uni 31951 31905 74.03
uni 31965 31951 48.11
uni 31837 31972 152.08
uni 31983 31965 41.36
uni 31972 31983 41.63
uni 31991 31837 149.58
uni 31995 32005 193.20
uni 31886 31837 24.24
uni 31905 31892 47.06
uni 31947 31886 32.86
uni 31951 31905 74.03
uni 31965 31951 48.11
uni 31837 31972 152.08
uni 31983 31965 41.36
uni 31972 31983 41.63
uni 31991 31837 149.58
uni 31995 32005 193.20
uni 31886 31837 24.24
uni 31905 31892 47.06
uni 31947 31886 32.86
uni 31951 31905 74.03
uni 31965 31951 48.11
uni 31837 31972 152.08
uni 31983 31965 41.36
uni 31972 31983 41.63
uni 31991 31837 149.58
uni 31995 32005 193.20
uni 31886 31837 24.24
uni 31905 31892 47.06
uni 31947 31886 32.86
uni 31951 31905 74.03
uni 31965 31951 48.11
uni 31965 31951 48.11
uni 31837 31972 152.08
uni 31983 31965 41.36
uni 31972 31983 41.63
uni 31991 31837 149.58
uni 31995 32005 193.20
uni 31837 31972 152.08
uni 31983 31965 41.36
uni 31972 31983 41.63
uni 31991 31837 149.58
uni 31995 32005 193.20
RESTRICCIONES :
NODOS_INICIALES:
31837
NODOS_TERMINO:
31965