NOMBRE : Instancia real grande
COMENTARIO : caso real 
VERTICES : 204 
ARISTAS_REQ : 293
ARISTAS_NOREQ : 0 
RESTRICCIONES : 0 
NODOS_INICIALES : 1 
NODOS_TERMINO : 1 
LISTA_ARISTAS_REQ : 
uni 31492 31752 174.43 1
uni 31752 31766 222.89 1
uni 31766 31794 77.96 1
uni 31773 31492 98.54 1
uni 31793 31773 76.52 1
uni 31794 31809 222.89 1
uni 31809 31826 77.81 1
uni 31818 31793 76.80 1
uni 31826 31818 119.37 1
uni 31829 31818 146.82 1
uni 31849 31829 222.89 1
uni 31871 31849 210.35 1
uni 31886 31837 222.89 1
uni 48797 31871 222.89 1
uni 31818 31995 33.90 1
uni 31905 31892 222.89 1
uni 31947 31886 222.89 1
uni 31951 31905 112.66 1
uni 31965 31951 155.99 1
uni 31837 31972 133.87 1
uni 31983 31965 222.89 1
uni 31972 31983 222.89 1
uni 31991 31837 158.86 1
uni 31995 32005 94.38 1
uni 32004 31991 222.89 1
uni 32005 32004 122.17 1
uni 32006 31947 137.63 1
uni 32057 32006 222.89 1
uni 32144 32057 222.89 1
uni 31837 32165 124.95 1
uni 32211 32144 222.89 1
uni 32165 32253 143.82 1
uni 32288 32211 222.89 1
uni 32353 32288 107.03 1
uni 32518 32353 222.89 1
uni 32253 32518 132.27 1
uni 32619 32518 222.89 1
uni 32709 32619 222.89 1
uni 32518 32733 124.47 1
uni 32815 32735 39.54 1
uni 32885 32709 222.89 1
uni 32733 32885 84.05 1
uni 32887 32815 222.89 1
uni 32887 47103 222.89 1
bi 32735 47103 107.52 1
uni 31892 48797 62.23 1
bi 31833 31492 68.44 1
bi 31840 31794 53.96 1
bi 31850 31818 140.81 1
bi 31840 31850 140.85 1
bi 31853 31752 222.89 1
bi 31833 31853 222.89 1
bi 31902 31840 222.89 1
bi 31913 31850 222.89 1
bi 31902 31913 198.30 1
bi 31920 51511 222.89 1
bi 31930 31995 93.92 1
bi 31913 31930 82.03 1
bi 31931 31853 16.76 1
bi 31920 31931 222.89 1
bi 31936 31920 72.79 1
bi 31937 31766 80.36 1
bi 31931 31937 50.93 1
bi 31941 31902 222.89 1
bi 31937 31941 171.14 1
bi 31973 31941 222.89 1
bi 31973 31982 19.40 1
bi 31981 31913 43.26 1
bi 31982 31981 222.89 1
bi 31984 31833 222.89 1
bi 31994 31930 111.10 1
bi 31981 31994 57.16 1
bi 32011 31931 135.77 1
bi 31984 32011 68.78 1
bi 32035 31973 222.89 1
bi 32041 31982 222.89 1
bi 32035 32041 158.16 1
bi 32044 31981 222.89 1
bi 32041 32044 178.42 1
bi 32046 31994 164.64 1
bi 32044 32046 222.89 1
bi 32068 32011 43.46 1
bi 32072 31937 222.89 1
bi 32068 32072 222.89 1
bi 32086 32035 220.95 1
bi 32072 32086 89.10 1
bi 32095 32041 64.39 1
bi 32086 32095 204.05 1
bi 32101 32044 145.79 1
bi 32095 32101 57.13 1
bi 32106 32005 57.27 1
bi 32107 32046 222.89 1
bi 32101 32107 222.89 1
bi 32119 32004 147.85 1
bi 32106 32119 158.96 1
bi 32125 31984 209.46 1
bi 32136 31991 222.89 1
bi 32119 32136 222.89 1
bi 32138 32068 222.89 1
bi 32139 32138 59.60 1
bi 32148 51522 171.86 1
bi 32136 32148 222.89 1
bi 32148 32165 222.89 1
bi 32166 32086 222.89 1
bi 32173 32095 222.89 1
bi 32166 32173 153.80 1
bi 32177 32101 54.39 1
bi 32173 32177 98.34 1
bi 32188 32107 221.27 1
bi 32177 32188 222.89 1
bi 32199 32106 222.89 1
bi 32216 32256 222.89 1
bi 32217 32139 77.21 1
bi 32226 32138 32.77 1
bi 32217 32226 96.30 1
bi 32240 32072 200.69 1
bi 32243 32166 155.26 1
bi 32240 32243 222.89 1
bi 32243 32248 114.13 1
bi 32247 32173 51.87 1
bi 32248 32247 89.96 1
bi 32199 32253 135.53 1
bi 32255 32199 222.89 1
bi 32256 32255 59.04 1
bi 32263 32177 222.89 1
bi 32247 32263 222.89 1
bi 32263 32271 70.66 1
bi 32270 32188 81.56 1
bi 32271 32270 222.89 1
bi 32303 32217 127.16 1
bi 32304 51531 33.82 1
bi 32303 32304 195.00 1
bi 32308 51533 218.49 1
bi 32311 32226 190.73 1
bi 32308 32311 69.60 1
bi 32314 32304 222.89 1
bi 32317 32308 72.08 1
bi 32323 32248 222.89 1
bi 32332 32263 208.80 1
bi 32323 32332 61.48 1
bi 32341 32271 222.89 1
bi 32332 32341 75.23 1
bi 32344 32270 86.62 1
bi 32341 32344 88.89 1
bi 32393 32303 222.89 1
bi 32405 32311 86.23 1
bi 32393 32405 52.90 1
bi 32408 32240 41.40 1
bi 32405 32408 222.89 1
bi 32409 32243 54.10 1
bi 32408 32409 121.87 1
bi 32413 32323 188.79 1
bi 32409 32413 167.86 1
bi 32413 32421 222.89 1
bi 32420 32332 95.00 1
bi 32421 32420 163.09 1
bi 32420 32425 156.50 1
bi 32424 32341 185.08 1
bi 32425 32424 126.37 1
bi 32430 32344 184.41 1
bi 32424 32430 71.84 1
bi 32434 32256 30.85 1
bi 32430 32434 48.01 1
bi 32440 51539 141.07 1
bi 32434 32440 222.89 1
bi 32449 51540 214.10 1
bi 32440 32449 61.93 1
bi 32460 32255 222.89 1
bi 32449 32460 222.89 1
bi 32460 32490 222.89 1
bi 32475 32393 197.43 1
bi 32481 51542 222.89 1
bi 32475 32481 222.89 1
bi 32482 51543 190.56 1
bi 32485 32405 222.89 1
bi 32482 32485 40.84 1
bi 32490 32501 222.89 1
bi 32494 32481 222.89 1
bi 32496 32482 56.43 1
bi 32497 32421 222.89 1
bi 32501 32519 222.89 1
bi 32506 32420 130.77 1
bi 32497 32506 222.89 1
bi 32513 32424 96.52 1
bi 32517 32430 222.89 1
bi 32513 32517 69.49 1
bi 32519 32518 124.59 1
bi 32554 32475 91.55 1
bi 32554 32560 178.33 1
bi 32559 32485 47.44 1
bi 32560 32559 74.37 1
bi 32562 32408 197.62 1
bi 32559 32562 53.82 1
bi 32565 32409 77.12 1
bi 32562 32565 160.13 1
bi 32569 32413 71.34 1
bi 32565 32569 222.89 1
bi 32574 32497 222.89 1
bi 32569 32574 222.89 1
bi 32583 32506 180.22 1
bi 32574 32583 222.89 1
bi 32585 32425 206.24 1
bi 32583 32585 194.09 1
bi 32591 32513 109.85 1
bi 32585 32591 199.83 1
bi 32603 32517 78.32 1
bi 32591 32603 213.13 1
bi 32657 32490 73.15 1
bi 32658 32657 222.89 1
bi 32657 51553 222.89 1
bi 32660 32565 120.31 1
bi 32668 32574 63.80 1
bi 32660 32668 168.58 1
bi 32672 32583 217.82 1
bi 32668 32672 222.89 1
bi 32673 32434 175.71 1
bi 32676 32519 28.26 1
bi 32677 32676 222.89 1
bi 32678 32591 222.89 1
bi 32672 32678 222.89 1
bi 32676 51556 222.89 1
bi 32684 32603 222.89 1
bi 32678 32684 176.43 1
bi 32700 32460 164.10 1
bi 32673 32700 52.15 1
bi 32700 32719 216.24 1
bi 32718 32501 26.27 1
bi 32719 32718 11.68 1
bi 32718 32734 128.17 1
bi 32722 32562 222.89 1
bi 32724 32660 124.74 1
bi 32722 32724 109.33 1
bi 32729 32722 54.29 1
bi 32729 32559 222.89 1
bi 32734 32733 132.49 1
bi 32735 32554 26.14 1
bi 32739 32668 222.89 1
bi 32724 32739 101.99 1
bi 32740 32560 109.66 1
bi 32735 32740 180.52 1
bi 32740 32729 222.89 1
bi 32742 32672 222.89 1
bi 32739 32742 120.74 1
bi 32746 32678 126.45 1
bi 32742 32746 12.18 1
bi 32751 32684 222.89 1
bi 32746 32751 222.89 1
bi 32763 32722 222.89 1
bi 32769 32739 29.53 1
bi 32773 51563 144.04 1
bi 32776 32700 222.89 1
bi 32777 32776 187.57 1
bi 32794 51566 110.42 1
bi 32811 51567 183.01 1
bi 32811 32729 91.70 1
bi 32812 51563 193.16 1
bi 32819 32742 180.36 1
bi 32812 32819 222.89 1
bi 32815 32811 222.89 1
bi 32823 51566 212.07 1
bi 32826 32751 202.39 1
bi 32823 32826 91.57 1
bi 32850 32773 118.35 1
bi 32852 32812 32.33 1
bi 32850 32852 111.19 1
bi 32858 32794 222.89 1
bi 32860 32823 204.94 1
bi 32858 32860 196.88 1
bi 32892 32811 200.45 1
bi 32887 32892 36.08 1
bi 32895 51567 222.89 1
bi 32892 32895 144.13 1
bi 32896 32885 76.28 1
bi 32896 32734 39.64 1
bi 32897 32724 222.89 1
bi 32895 32897 173.49 1
bi 32901 32852 135.85 1
bi 32897 32901 123.91 1
bi 32902 32896 176.80 1
bi 32902 32719 222.89 1
bi 32910 32819 222.89 1
bi 32901 32910 222.89 1
bi 32912 32902 128.79 1
bi 32912 32776 48.21 1
bi 32913 32860 222.89 1
bi 32910 32913 89.52 1
bi 32917 32826 96.20 1
bi 32913 32917 79.35 1
bi 32917 32912 222.89 1
bi 32440 52814 62.29 1
bi 32125 32139 222.89 1
bi 31995 48797 222.89 1
bi 48797 31995 186.72 1
LISTA_ARISTAS_NOREQ :
CORDENADAS_NODOS :
1 1
1 1
1 1
1 1
1 1
1 1
1 1
1 1
1 1
1 1
1 1
1 1
1 1
1 1
1 1
1 1
1 1
1 1
1 1
1 1
1 1
1 1
1 1
1 1
1 1
1 1
1 1
1 1
1 1
1 1
1 1
1 1
1 1
1 1
1 1
1 1
1 1
1 1
1 1
1 1
1 1
1 1
1 1
1 1
1 1
1 1
1 1
1 1
1 1
1 1
1 1
1 1
1 1
1 1
1 1
1 1
1 1
1 1
1 1
1 1
1 1
1 1
1 1
1 1
1 1
1 1
1 1
1 1
1 1
1 1
1 1
1 1
1 1
1 1
1 1
1 1
1 1
1 1
1 1
1 1
1 1
1 1
1 1
1 1
1 1
1 1
1 1
1 1
1 1
1 1
1 1
1 1
1 1
1 1
1 1
1 1
1 1
1 1
1 1
1 1
1 1
1 1
1 1
1 1
1 1
1 1
1 1
1 1
1 1
1 1
1 1
1 1
1 1
1 1
1 1
1 1
1 1
1 1
1 1
1 1
1 1
1 1
1 1
1 1
1 1
1 1
1 1
1 1
1 1
1 1
1 1
1 1
1 1
1 1
1 1
1 1
1 1
1 1
1 1
1 1
1 1
1 1
1 1
1 1
1 1
1 1
1 1
1 1
1 1
1 1
1 1
1 1
1 1
1 1
1 1
1 1
1 1
1 1
1 1
1 1
1 1
1 1
1 1
1 1
1 1
1 1
1 1
1 1
1 1
1 1
1 1
1 1
1 1
1 1
1 1
1 1
1 1
1 1
1 1
1 1
1 1
1 1
1 1
1 1
1 1
1 1
1 1
1 1
1 1
1 1
1 1
1 1
1 1
1 1
1 1
1 1
1 1
1 1
1 1
1 1
1 1
1 1
1 1
1 1
RESTRICCIONES :
NODOS_INICIALES:
31837
NODOS_TERMINO:
31492