NOMBRE : Renca Mediano
COMENTARIO : Caso real 2
VERTICES : 76
ARISTAS_REQ : 92
ARISTAS_NOREQ : 0
RESTRICCIONES : 0
NODOS_INICIALES : 1
NODOS_TERMINO : 1
LISTA_ARISTAS_REQ : 
uni 31886 31837 193.20 0
uni 31905 31892 193.20 0
uni 31947 31886 193.20 0
uni 31951 31905 193.20 0
uni 31965 31951 50.60 0
uni 31837 31972 75.88 0
uni 31983 31965 193.20 0
uni 31972 31983 193.20 0
uni 31991 31837 121.28 0
uni 31995 32005 153.51 0
uni 32004 31991 193.20 0
uni 32005 32004 60.88 0
uni 32006 31947 56.05 0
uni 32057 32006 136.80 0
uni 32144 32057 164.25 0
uni 31837 32165 127.45 0
uni 32211 32144 111.62 0
uni 32165 32253 28.99 0
uni 32288 32211 193.20 0
uni 32353 32288 37.29 0
uni 32518 32353 193.20 0
uni 32253 32518 75.44 0
uni 32619 32518 122.23 0
uni 32709 32619 52.01 0
uni 32518 32733 72.63 0
uni 32885 32709 106.40 0
uni 32733 32885 27.80 0
uni 31892 48797 193.20 0
bi 31930 31995 20.22 0
bi 31994 31930 37.36 0
bi 32046 31994 193.20 0
bi 32106 32005 193.20 0
bi 32107 32046 159.48 0
bi 32119 32004 177.23 0
bi 32106 32119 126.11 0
bi 32136 31991 193.20 0
bi 32119 32136 175.32 0
bi 32148 51522 81.61 0
bi 32136 32148 70.93 0
bi 32148 32165 93.72 0
bi 32188 32107 193.20 0
bi 32199 32106 193.20 0
bi 32216 32256 193.20 0
bi 32199 32253 193.20 0
bi 32255 32199 193.20 0
bi 32256 32255 83.69 0
bi 32270 32188 126.72 0
bi 32344 32270 157.00 0
bi 32430 32344 143.40 0
bi 32434 32256 113.95 0
bi 32430 32434 55.31 0
bi 32440 51539 193.20 0
bi 32434 32440 193.20 0
bi 32449 51540 11.42 0
bi 32440 32449 116.47 0
bi 32460 32255 47.20 0
bi 32449 32460 193.20 0
bi 32460 32490 193.20 0
bi 32490 32501 193.20 0
bi 32501 32519 114.15 0
bi 32517 32430 193.20 0
bi 32519 32518 141.90 0
bi 32603 32517 193.20 0
bi 32657 32490 193.20 0
bi 32658 32657 193.20 0
bi 32657 51553 193.20 0
bi 32673 32434 22.95 0
bi 32676 32519 193.20 0
bi 32677 32676 193.20 0
bi 32676 51556 193.20 0
bi 32684 32603 193.20 0
bi 32700 32460 193.20 0
bi 32673 32700 193.20 0
bi 32700 32719 193.20 0
bi 32718 32501 122.47 0
bi 32719 32718 184.91 0
bi 32718 32734 193.20 0
bi 32734 32733 81.05 0
bi 32751 32684 128.85 0
bi 32776 32700 193.20 0
bi 32777 32776 193.20 0
bi 32826 32751 72.41 0
bi 32896 32885 193.20 0
bi 32896 32734 100.31 0
bi 32902 32896 193.20 0
bi 32902 32719 103.22 0
bi 32912 32902 193.20 0
bi 32912 32776 192.27 0
bi 32917 32826 193.20 0
bi 32917 32912 158.18 0
bi 32440 52814 85.07 0
bi 31995 48797 193.20 0
LISTA_ARISTAS_NOREQ : 
CORDENADAS_NODOS :  
uni 31886 31837 24.24
uni 31905 31892 47.06
uni 31947 31886 32.86
uni 31951 31905 74.03
uni 31965 31951 48.11
uni 31837 31972 152.08
uni 31983 31965 41.36
uni 31972 31983 41.63
uni 31991 31837 149.58
uni 31995 32005 193.20
uni 31886 31837 24.24
uni 31905 31892 47.06
uni 31947 31886 32.86
uni 31951 31905 74.03
uni 31965 31951 48.11
uni 31837 31972 152.08
uni 31983 31965 41.36
uni 31972 31983 41.63
uni 31991 31837 149.58
uni 31995 32005 193.20
uni 31886 31837 24.24
uni 31905 31892 47.06
uni 31947 31886 32.86
uni 31951 31905 74.03
uni 31965 31951 48.11
uni 31837 31972 152.08
uni 31983 31965 41.36
uni 31972 31983 41.63
uni 31991 31837 149.58
uni 31995 32005 193.20
uni 31886 31837 24.24
uni 31905 31892 47.06
uni 31947 31886 32.86
uni 31951 31905 74.03
uni 31965 31951 48.11
uni 31837 31972 152.08
uni 31983 31965 41.36
uni 31972 31983 41.63
uni 31991 31837 149.58
uni 31995 32005 193.20
uni 31886 31837 24.24
uni 31905 31892 47.06
uni 31947 31886 32.86
uni 31951 31905 74.03
uni 31965 31951 48.11
uni 31837 31972 152.08
uni 31983 31965 41.36
uni 31972 31983 41.63
uni 31991 31837 149.58
uni 31995 32005 193.20
uni 31886 31837 24.24
uni 31905 31892 47.06
uni 31947 31886 32.86
uni 31951 31905 74.03
uni 31965 31951 48.11
uni 31837 31972 152.08
uni 31983 31965 41.36
uni 31972 31983 41.63
uni 31991 31837 149.58
uni 31995 32005 193.20
uni 31886 31837 24.24
uni 31905 31892 47.06
uni 31947 31886 32.86
uni 31951 31905 74.03
uni 31965 31951 48.11
uni 31965 31951 48.11
uni 31837 31972 152.08
uni 31983 31965 41.36
uni 31972 31983 41.63
uni 31991 31837 149.58
uni 31995 32005 193.20
uni 31837 31972 152.08
uni 31983 31965 41.36
uni 31972 31983 41.63
uni 31991 31837 149.58
uni 31995 32005 193.20
RESTRICCIONES :
NODOS_INICIALES:
31837
NODOS_TERMINO:
31965