NOMBRE : Renca Mediano
COMENTARIO : Caso real 2
VERTICES : 76
ARISTAS_REQ : 92
ARISTAS_NOREQ : 0
RESTRICCIONES : 0
NODOS_INICIALES : 1
NODOS_TERMINO : 1
LISTA_ARISTAS_REQ : 
uni 31886 31837 32.81 0
uni 31905 31892 193.20 0
uni 31947 31886 158.54 0
uni 31951 31905 60.84 0
uni 31965 31951 119.50 0
uni 31837 31972 87.96 0
uni 31983 31965 146.12 0
uni 31972 31983 193.20 0
uni 31991 31837 193.20 0
uni 31995 32005 193.20 0
uni 32004 31991 45.37 0
uni 32005 32004 193.20 0
uni 32006 31947 106.57 0
uni 32057 32006 142.18 0
uni 32144 32057 11.42 0
uni 31837 32165 193.20 0
uni 32211 32144 190.42 0
uni 32165 32253 176.84 0
uni 32288 32211 121.34 0
uni 32353 32288 193.20 0
uni 32518 32353 154.72 0
uni 32253 32518 152.84 0
uni 32619 32518 193.20 0
uni 32709 32619 158.98 0
uni 32518 32733 36.09 0
uni 32885 32709 59.19 0
uni 32733 32885 193.20 0
uni 31892 48797 47.48 0
bi 31930 31995 85.46 0
bi 31994 31930 183.80 0
bi 32046 31994 127.70 0
bi 32106 32005 193.20 0
bi 32107 32046 193.20 0
bi 32119 32004 134.73 0
bi 32106 32119 193.20 0
bi 32136 31991 146.93 0
bi 32119 32136 193.20 0
bi 32148 51522 193.20 0
bi 32136 32148 46.40 0
bi 32148 32165 96.54 0
bi 32188 32107 193.20 0
bi 32199 32106 76.36 0
bi 32216 32256 78.01 0
bi 32199 32253 193.20 0
bi 32255 32199 193.20 0
bi 32256 32255 46.03 0
bi 32270 32188 104.96 0
bi 32344 32270 193.20 0
bi 32430 32344 183.52 0
bi 32434 32256 193.20 0
bi 32430 32434 143.16 0
bi 32440 51539 187.90 0
bi 32434 32440 52.32 0
bi 32449 51540 45.72 0
bi 32440 32449 64.01 0
bi 32460 32255 193.20 0
bi 32449 32460 193.20 0
bi 32460 32490 159.95 0
bi 32490 32501 114.62 0
bi 32501 32519 193.20 0
bi 32517 32430 121.06 0
bi 32519 32518 193.20 0
bi 32603 32517 193.20 0
bi 32657 32490 57.22 0
bi 32658 32657 193.20 0
bi 32657 51553 158.15 0
bi 32673 32434 151.75 0
bi 32676 32519 48.24 0
bi 32677 32676 44.95 0
bi 32676 51556 52.87 0
bi 32684 32603 193.20 0
bi 32700 32460 89.92 0
bi 32673 32700 193.20 0
bi 32700 32719 53.29 0
bi 32718 32501 193.20 0
bi 32719 32718 193.20 0
bi 32718 32734 193.20 0
bi 32734 32733 193.20 0
bi 32751 32684 152.36 0
bi 32776 32700 16.66 0
bi 32777 32776 139.95 0
bi 32826 32751 128.04 0
bi 32896 32885 193.20 0
bi 32896 32734 193.20 0
bi 32902 32896 193.20 0
bi 32902 32719 66.03 0
bi 32912 32902 193.20 0
bi 32912 32776 21.01 0
bi 32917 32826 84.04 0
bi 32917 32912 39.07 0
bi 32440 52814 54.22 0
bi 31995 48797 142.45 0
LISTA_ARISTAS_NOREQ : 
CORDENADAS_NODOS :  
uni 31886 31837 24.24
uni 31905 31892 47.06
uni 31947 31886 32.86
uni 31951 31905 74.03
uni 31965 31951 48.11
uni 31837 31972 152.08
uni 31983 31965 41.36
uni 31972 31983 41.63
uni 31991 31837 149.58
uni 31995 32005 193.20
uni 31886 31837 24.24
uni 31905 31892 47.06
uni 31947 31886 32.86
uni 31951 31905 74.03
uni 31965 31951 48.11
uni 31837 31972 152.08
uni 31983 31965 41.36
uni 31972 31983 41.63
uni 31991 31837 149.58
uni 31995 32005 193.20
uni 31886 31837 24.24
uni 31905 31892 47.06
uni 31947 31886 32.86
uni 31951 31905 74.03
uni 31965 31951 48.11
uni 31837 31972 152.08
uni 31983 31965 41.36
uni 31972 31983 41.63
uni 31991 31837 149.58
uni 31995 32005 193.20
uni 31886 31837 24.24
uni 31905 31892 47.06
uni 31947 31886 32.86
uni 31951 31905 74.03
uni 31965 31951 48.11
uni 31837 31972 152.08
uni 31983 31965 41.36
uni 31972 31983 41.63
uni 31991 31837 149.58
uni 31995 32005 193.20
uni 31886 31837 24.24
uni 31905 31892 47.06
uni 31947 31886 32.86
uni 31951 31905 74.03
uni 31965 31951 48.11
uni 31837 31972 152.08
uni 31983 31965 41.36
uni 31972 31983 41.63
uni 31991 31837 149.58
uni 31995 32005 193.20
uni 31886 31837 24.24
uni 31905 31892 47.06
uni 31947 31886 32.86
uni 31951 31905 74.03
uni 31965 31951 48.11
uni 31837 31972 152.08
uni 31983 31965 41.36
uni 31972 31983 41.63
uni 31991 31837 149.58
uni 31995 32005 193.20
uni 31886 31837 24.24
uni 31905 31892 47.06
uni 31947 31886 32.86
uni 31951 31905 74.03
uni 31965 31951 48.11
uni 31965 31951 48.11
uni 31837 31972 152.08
uni 31983 31965 41.36
uni 31972 31983 41.63
uni 31991 31837 149.58
uni 31995 32005 193.20
uni 31837 31972 152.08
uni 31983 31965 41.36
uni 31972 31983 41.63
uni 31991 31837 149.58
uni 31995 32005 193.20
RESTRICCIONES :
NODOS_INICIALES:
31837
NODOS_TERMINO:
31965