NOMBRE : Instancia real grande
COMENTARIO : caso real 
VERTICES : 204 
ARISTAS_REQ : 293
ARISTAS_NOREQ : 0 
RESTRICCIONES : 0 
NODOS_INICIALES : 1 
NODOS_TERMINO : 1 
LISTA_ARISTAS_REQ : 
uni 31492 31752 114.17 1
uni 31752 31766 122.62 1
uni 31766 31794 116.44 1
uni 31773 31492 136.27 1
uni 31793 31773 34.27 1
uni 31794 31809 105.09 1
uni 31809 31826 91.91 1
uni 31818 31793 115.07 1
uni 31826 31818 81.26 1
uni 31829 31818 131.67 1
uni 31849 31829 106.09 1
uni 31871 31849 176.45 1
uni 31886 31837 106.56 1
uni 48797 31871 102.93 1
uni 31818 31995 175.43 1
uni 31905 31892 71.94 1
uni 31947 31886 126.86 1
uni 31951 31905 142.88 1
uni 31965 31951 154.63 1
uni 31837 31972 142.59 1
uni 31983 31965 94.89 1
uni 31972 31983 147.03 1
uni 31991 31837 138.82 1
uni 31995 32005 147.54 1
uni 32004 31991 143.50 1
uni 32005 32004 10.57 1
uni 32006 31947 111.20 1
uni 32057 32006 73.81 1
uni 32144 32057 105.62 1
uni 31837 32165 75.35 1
uni 32211 32144 160.23 1
uni 32165 32253 86.91 1
uni 32288 32211 97.62 1
uni 32353 32288 144.74 1
uni 32518 32353 133.32 1
uni 32253 32518 143.41 1
uni 32619 32518 65.24 1
uni 32709 32619 98.68 1
uni 32518 32733 14.90 1
uni 32815 32735 101.46 1
uni 32885 32709 100.05 1
uni 32733 32885 125.14 1
uni 32887 32815 120.84 1
uni 32887 47103 122.83 1
bi 32735 47103 143.32 1
uni 31892 48797 89.70 1
bi 31833 31492 118.65 1
bi 31840 31794 52.74 1
bi 31850 31818 95.90 1
bi 31840 31850 123.77 1
bi 31853 31752 135.84 1
bi 31833 31853 97.28 1
bi 31902 31840 138.00 1
bi 31913 31850 87.61 1
bi 31902 31913 66.06 1
bi 31920 51511 167.27 1
bi 31930 31995 92.72 1
bi 31913 31930 153.08 1
bi 31931 31853 143.53 1
bi 31920 31931 168.83 1
bi 31936 31920 86.23 1
bi 31937 31766 103.72 1
bi 31931 31937 147.95 1
bi 31941 31902 79.06 1
bi 31937 31941 136.59 1
bi 31973 31941 60.51 1
bi 31973 31982 102.98 1
bi 31981 31913 118.32 1
bi 31982 31981 111.42 1
bi 31984 31833 121.01 1
bi 31994 31930 40.18 1
bi 31981 31994 111.35 1
bi 32011 31931 128.02 1
bi 31984 32011 222.89 1
bi 32035 31973 114.89 1
bi 32041 31982 42.89 1
bi 32035 32041 115.45 1
bi 32044 31981 127.52 1
bi 32041 32044 100.72 1
bi 32046 31994 129.30 1
bi 32044 32046 73.09 1
bi 32068 32011 130.38 1
bi 32072 31937 99.84 1
bi 32068 32072 121.48 1
bi 32086 32035 146.74 1
bi 32072 32086 88.80 1
bi 32095 32041 129.43 1
bi 32086 32095 137.18 1
bi 32101 32044 79.96 1
bi 32095 32101 54.63 1
bi 32106 32005 97.32 1
bi 32107 32046 59.12 1
bi 32101 32107 144.76 1
bi 32119 32004 76.09 1
bi 32106 32119 93.78 1
bi 32125 31984 162.20 1
bi 32136 31991 62.72 1
bi 32119 32136 157.09 1
bi 32138 32068 143.71 1
bi 32139 32138 57.00 1
bi 32148 51522 126.58 1
bi 32136 32148 58.73 1
bi 32148 32165 110.78 1
bi 32166 32086 166.56 1
bi 32173 32095 102.65 1
bi 32166 32173 184.45 1
bi 32177 32101 102.97 1
bi 32173 32177 87.20 1
bi 32188 32107 126.34 1
bi 32177 32188 135.19 1
bi 32199 32106 157.51 1
bi 32216 32256 70.53 1
bi 32217 32139 120.94 1
bi 32226 32138 105.73 1
bi 32217 32226 129.20 1
bi 32240 32072 151.22 1
bi 32243 32166 153.36 1
bi 32240 32243 116.55 1
bi 32243 32248 90.92 1
bi 32247 32173 135.04 1
bi 32248 32247 94.28 1
bi 32199 32253 104.65 1
bi 32255 32199 77.90 1
bi 32256 32255 103.33 1
bi 32263 32177 108.99 1
bi 32247 32263 141.61 1
bi 32263 32271 130.17 1
bi 32270 32188 124.40 1
bi 32271 32270 145.34 1
bi 32303 32217 108.00 1
bi 32304 51531 146.58 1
bi 32303 32304 84.77 1
bi 32308 51533 41.93 1
bi 32311 32226 128.54 1
bi 32308 32311 82.08 1
bi 32314 32304 66.95 1
bi 32317 32308 115.01 1
bi 32323 32248 137.44 1
bi 32332 32263 32.71 1
bi 32323 32332 94.43 1
bi 32341 32271 69.54 1
bi 32332 32341 142.03 1
bi 32344 32270 123.28 1
bi 32341 32344 144.88 1
bi 32393 32303 170.56 1
bi 32405 32311 122.10 1
bi 32393 32405 126.25 1
bi 32408 32240 158.50 1
bi 32405 32408 109.20 1
bi 32409 32243 133.85 1
bi 32408 32409 120.14 1
bi 32413 32323 151.79 1
bi 32409 32413 107.07 1
bi 32413 32421 48.22 1
bi 32420 32332 111.48 1
bi 32421 32420 120.79 1
bi 32420 32425 71.79 1
bi 32424 32341 126.97 1
bi 32425 32424 138.80 1
bi 32430 32344 124.92 1
bi 32424 32430 116.23 1
bi 32434 32256 175.37 1
bi 32430 32434 73.75 1
bi 32440 51539 95.39 1
bi 32434 32440 83.20 1
bi 32449 51540 73.10 1
bi 32440 32449 116.22 1
bi 32460 32255 163.43 1
bi 32449 32460 140.00 1
bi 32460 32490 45.63 1
bi 32475 32393 76.91 1
bi 32481 51542 92.51 1
bi 32475 32481 160.93 1
bi 32482 51543 99.73 1
bi 32485 32405 169.10 1
bi 32482 32485 144.37 1
bi 32490 32501 179.00 1
bi 32494 32481 133.33 1
bi 32496 32482 127.67 1
bi 32497 32421 169.97 1
bi 32501 32519 128.98 1
bi 32506 32420 124.57 1
bi 32497 32506 84.33 1
bi 32513 32424 19.42 1
bi 32517 32430 75.07 1
bi 32513 32517 128.39 1
bi 32519 32518 117.16 1
bi 32554 32475 94.50 1
bi 32554 32560 113.53 1
bi 32559 32485 104.99 1
bi 32560 32559 71.93 1
bi 32562 32408 86.35 1
bi 32559 32562 80.42 1
bi 32565 32409 92.19 1
bi 32562 32565 109.16 1
bi 32569 32413 97.21 1
bi 32565 32569 65.86 1
bi 32574 32497 151.12 1
bi 32569 32574 98.32 1
bi 32583 32506 95.51 1
bi 32574 32583 65.06 1
bi 32585 32425 81.26 1
bi 32583 32585 70.61 1
bi 32591 32513 172.77 1
bi 32585 32591 127.86 1
bi 32603 32517 161.15 1
bi 32591 32603 129.04 1
bi 32657 32490 114.32 1
bi 32658 32657 95.00 1
bi 32657 51553 121.95 1
bi 32660 32565 182.42 1
bi 32668 32574 84.59 1
bi 32660 32668 151.08 1
bi 32672 32583 146.42 1
bi 32668 32672 60.82 1
bi 32673 32434 138.80 1
bi 32676 32519 103.21 1
bi 32677 32676 181.74 1
bi 32678 32591 120.46 1
bi 32672 32678 127.72 1
bi 32676 51556 125.04 1
bi 32684 32603 135.81 1
bi 32678 32684 29.81 1
bi 32700 32460 98.95 1
bi 32673 32700 106.67 1
bi 32700 32719 81.26 1
bi 32718 32501 76.70 1
bi 32719 32718 71.61 1
bi 32718 32734 184.24 1
bi 32722 32562 137.38 1
bi 32724 32660 93.92 1
bi 32722 32724 63.23 1
bi 32729 32722 108.70 1
bi 32729 32559 79.23 1
bi 32734 32733 104.54 1
bi 32735 32554 111.50 1
bi 32739 32668 87.99 1
bi 32724 32739 115.13 1
bi 32740 32560 106.61 1
bi 32735 32740 90.76 1
bi 32740 32729 104.78 1
bi 32742 32672 43.05 1
bi 32739 32742 98.82 1
bi 32746 32678 150.89 1
bi 32742 32746 75.54 1
bi 32751 32684 69.01 1
bi 32746 32751 65.60 1
bi 32763 32722 100.74 1
bi 32769 32739 114.71 1
bi 32773 51563 126.24 1
bi 32776 32700 155.99 1
bi 32777 32776 135.18 1
bi 32794 51566 110.40 1
bi 32811 51567 153.82 1
bi 32811 32729 140.80 1
bi 32812 51563 177.42 1
bi 32819 32742 115.49 1
bi 32812 32819 117.97 1
bi 32815 32811 101.05 1
bi 32823 51566 85.84 1
bi 32826 32751 104.49 1
bi 32823 32826 179.22 1
bi 32850 32773 140.42 1
bi 32852 32812 150.86 1
bi 32850 32852 161.81 1
bi 32858 32794 163.80 1
bi 32860 32823 141.88 1
bi 32858 32860 124.86 1
bi 32892 32811 123.66 1
bi 32887 32892 137.30 1
bi 32895 51567 118.71 1
bi 32892 32895 48.76 1
bi 32896 32885 43.96 1
bi 32896 32734 126.36 1
bi 32897 32724 96.94 1
bi 32895 32897 37.20 1
bi 32901 32852 137.97 1
bi 32897 32901 138.51 1
bi 32902 32896 92.64 1
bi 32902 32719 40.56 1
bi 32910 32819 124.03 1
bi 32901 32910 149.50 1
bi 32912 32902 113.33 1
bi 32912 32776 77.47 1
bi 32913 32860 117.59 1
bi 32910 32913 84.52 1
bi 32917 32826 153.29 1
bi 32913 32917 123.68 1
bi 32917 32912 92.35 1
bi 32440 52814 64.20 1
bi 32125 32139 222.89 1
bi 31995 48797 117.77 1
bi 48797 31995 32.09 1
LISTA_ARISTAS_NOREQ :
CORDENADAS_NODOS :
1 1
1 1
1 1
1 1
1 1
1 1
1 1
1 1
1 1
1 1
1 1
1 1
1 1
1 1
1 1
1 1
1 1
1 1
1 1
1 1
1 1
1 1
1 1
1 1
1 1
1 1
1 1
1 1
1 1
1 1
1 1
1 1
1 1
1 1
1 1
1 1
1 1
1 1
1 1
1 1
1 1
1 1
1 1
1 1
1 1
1 1
1 1
1 1
1 1
1 1
1 1
1 1
1 1
1 1
1 1
1 1
1 1
1 1
1 1
1 1
1 1
1 1
1 1
1 1
1 1
1 1
1 1
1 1
1 1
1 1
1 1
1 1
1 1
1 1
1 1
1 1
1 1
1 1
1 1
1 1
1 1
1 1
1 1
1 1
1 1
1 1
1 1
1 1
1 1
1 1
1 1
1 1
1 1
1 1
1 1
1 1
1 1
1 1
1 1
1 1
1 1
1 1
1 1
1 1
1 1
1 1
1 1
1 1
1 1
1 1
1 1
1 1
1 1
1 1
1 1
1 1
1 1
1 1
1 1
1 1
1 1
1 1
1 1
1 1
1 1
1 1
1 1
1 1
1 1
1 1
1 1
1 1
1 1
1 1
1 1
1 1
1 1
1 1
1 1
1 1
1 1
1 1
1 1
1 1
1 1
1 1
1 1
1 1
1 1
1 1
1 1
1 1
1 1
1 1
1 1
1 1
1 1
1 1
1 1
1 1
1 1
1 1
1 1
1 1
1 1
1 1
1 1
1 1
1 1
1 1
1 1
1 1
1 1
1 1
1 1
1 1
1 1
1 1
1 1
1 1
1 1
1 1
1 1
1 1
1 1
1 1
1 1
1 1
1 1
1 1
1 1
1 1
1 1
1 1
1 1
1 1
1 1
1 1
1 1
1 1
1 1
1 1
1 1
1 1
RESTRICCIONES :
NODOS_INICIALES:
31837
NODOS_TERMINO:
31492