NOMBRE : Renca Mediano
COMENTARIO : Caso real 2
VERTICES : 76
ARISTAS_REQ : 92
ARISTAS_NOREQ : 0
RESTRICCIONES : 0
NODOS_INICIALES : 1
NODOS_TERMINO : 1
LISTA_ARISTAS_REQ : 
uni 31886 31837 172.55 0
uni 31905 31892 123.10 0
uni 31947 31886 193.20 0
uni 31951 31905 157.53 0
uni 31965 31951 101.61 0
uni 31837 31972 193.20 0
uni 31983 31965 160.51 0
uni 31972 31983 193.20 0
uni 31991 31837 58.84 0
uni 31995 32005 193.20 0
uni 32004 31991 147.49 0
uni 32005 32004 193.20 0
uni 32006 31947 193.20 0
uni 32057 32006 193.20 0
uni 32144 32057 64.04 0
uni 31837 32165 142.19 0
uni 32211 32144 193.20 0
uni 32165 32253 177.52 0
uni 32288 32211 64.56 0
uni 32353 32288 193.20 0
uni 32518 32353 193.20 0
uni 32253 32518 193.20 0
uni 32619 32518 193.20 0
uni 32709 32619 193.20 0
uni 32518 32733 102.79 0
uni 32885 32709 32.82 0
uni 32733 32885 193.20 0
uni 31892 48797 193.20 0
bi 31930 31995 193.20 0
bi 31994 31930 40.31 0
bi 32046 31994 193.20 0
bi 32106 32005 88.33 0
bi 32107 32046 69.65 0
bi 32119 32004 107.85 0
bi 32106 32119 169.76 0
bi 32136 31991 71.00 0
bi 32119 32136 52.56 0
bi 32148 51522 176.30 0
bi 32136 32148 193.20 0
bi 32148 32165 120.27 0
bi 32188 32107 146.44 0
bi 32199 32106 52.81 0
bi 32216 32256 193.20 0
bi 32199 32253 193.20 0
bi 32255 32199 188.46 0
bi 32256 32255 121.56 0
bi 32270 32188 180.47 0
bi 32344 32270 141.28 0
bi 32430 32344 105.74 0
bi 32434 32256 193.20 0
bi 32430 32434 193.20 0
bi 32440 51539 94.62 0
bi 32434 32440 67.72 0
bi 32449 51540 193.20 0
bi 32440 32449 139.32 0
bi 32460 32255 193.20 0
bi 32449 32460 193.20 0
bi 32460 32490 169.82 0
bi 32490 32501 193.20 0
bi 32501 32519 193.20 0
bi 32517 32430 190.00 0
bi 32519 32518 193.20 0
bi 32603 32517 193.20 0
bi 32657 32490 113.25 0
bi 32658 32657 193.20 0
bi 32657 51553 183.19 0
bi 32673 32434 94.39 0
bi 32676 32519 89.02 0
bi 32677 32676 94.82 0
bi 32676 51556 146.05 0
bi 32684 32603 193.20 0
bi 32700 32460 193.20 0
bi 32673 32700 31.85 0
bi 32700 32719 96.46 0
bi 32718 32501 82.79 0
bi 32719 32718 149.74 0
bi 32718 32734 193.20 0
bi 32734 32733 141.25 0
bi 32751 32684 167.45 0
bi 32776 32700 89.77 0
bi 32777 32776 193.20 0
bi 32826 32751 193.20 0
bi 32896 32885 27.93 0
bi 32896 32734 193.20 0
bi 32902 32896 193.20 0
bi 32902 32719 75.52 0
bi 32912 32902 193.20 0
bi 32912 32776 116.43 0
bi 32917 32826 21.21 0
bi 32917 32912 158.20 0
bi 32440 52814 193.20 0
bi 31995 48797 193.20 0
LISTA_ARISTAS_NOREQ : 
CORDENADAS_NODOS :  
uni 31886 31837 24.24
uni 31905 31892 47.06
uni 31947 31886 32.86
uni 31951 31905 74.03
uni 31965 31951 48.11
uni 31837 31972 152.08
uni 31983 31965 41.36
uni 31972 31983 41.63
uni 31991 31837 149.58
uni 31995 32005 193.20
uni 31886 31837 24.24
uni 31905 31892 47.06
uni 31947 31886 32.86
uni 31951 31905 74.03
uni 31965 31951 48.11
uni 31837 31972 152.08
uni 31983 31965 41.36
uni 31972 31983 41.63
uni 31991 31837 149.58
uni 31995 32005 193.20
uni 31886 31837 24.24
uni 31905 31892 47.06
uni 31947 31886 32.86
uni 31951 31905 74.03
uni 31965 31951 48.11
uni 31837 31972 152.08
uni 31983 31965 41.36
uni 31972 31983 41.63
uni 31991 31837 149.58
uni 31995 32005 193.20
uni 31886 31837 24.24
uni 31905 31892 47.06
uni 31947 31886 32.86
uni 31951 31905 74.03
uni 31965 31951 48.11
uni 31837 31972 152.08
uni 31983 31965 41.36
uni 31972 31983 41.63
uni 31991 31837 149.58
uni 31995 32005 193.20
uni 31886 31837 24.24
uni 31905 31892 47.06
uni 31947 31886 32.86
uni 31951 31905 74.03
uni 31965 31951 48.11
uni 31837 31972 152.08
uni 31983 31965 41.36
uni 31972 31983 41.63
uni 31991 31837 149.58
uni 31995 32005 193.20
uni 31886 31837 24.24
uni 31905 31892 47.06
uni 31947 31886 32.86
uni 31951 31905 74.03
uni 31965 31951 48.11
uni 31837 31972 152.08
uni 31983 31965 41.36
uni 31972 31983 41.63
uni 31991 31837 149.58
uni 31995 32005 193.20
uni 31886 31837 24.24
uni 31905 31892 47.06
uni 31947 31886 32.86
uni 31951 31905 74.03
uni 31965 31951 48.11
uni 31965 31951 48.11
uni 31837 31972 152.08
uni 31983 31965 41.36
uni 31972 31983 41.63
uni 31991 31837 149.58
uni 31995 32005 193.20
uni 31837 31972 152.08
uni 31983 31965 41.36
uni 31972 31983 41.63
uni 31991 31837 149.58
uni 31995 32005 193.20
RESTRICCIONES :
NODOS_INICIALES:
31837
NODOS_TERMINO:
31965