NOMBRE : Renca Mediano
COMENTARIO : Caso real 2
VERTICES : 76
ARISTAS_REQ : 92
ARISTAS_NOREQ : 0
RESTRICCIONES : 0
NODOS_INICIALES : 1
NODOS_TERMINO : 1
LISTA_ARISTAS_REQ : 
uni 31886 31837 123.41 0
uni 31905 31892 106.11 0
uni 31947 31886 140.24 0
uni 31951 31905 140.23 0
uni 31965 31951 107.14 0
uni 31837 31972 102.95 0
uni 31983 31965 101.10 0
uni 31972 31983 87.97 0
uni 31991 31837 134.61 0
uni 31995 32005 116.91 0
uni 32004 31991 129.04 0
uni 32005 32004 171.76 0
uni 32006 31947 113.73 0
uni 32057 32006 107.52 0
uni 32144 32057 94.12 0
uni 31837 32165 131.60 0
uni 32211 32144 137.21 0
uni 32165 32253 64.03 0
uni 32288 32211 118.94 0
uni 32353 32288 64.32 0
uni 32518 32353 91.62 0
uni 32253 32518 104.60 0
uni 32619 32518 123.36 0
uni 32709 32619 113.22 0
uni 32518 32733 44.29 0
uni 32885 32709 86.53 0
uni 32733 32885 83.70 0
uni 31892 48797 124.16 0
bi 31930 31995 110.29 0
bi 31994 31930 81.97 0
bi 32046 31994 146.86 0
bi 32106 32005 140.74 0
bi 32107 32046 87.73 0
bi 32119 32004 119.25 0
bi 32106 32119 107.07 0
bi 32136 31991 50.96 0
bi 32119 32136 140.92 0
bi 32148 51522 142.75 0
bi 32136 32148 91.27 0
bi 32148 32165 120.56 0
bi 32188 32107 98.75 0
bi 32199 32106 56.10 0
bi 32216 32256 118.99 0
bi 32199 32253 99.65 0
bi 32255 32199 82.64 0
bi 32256 32255 128.91 0
bi 32270 32188 60.33 0
bi 32344 32270 122.49 0
bi 32430 32344 116.69 0
bi 32434 32256 113.95 0
bi 32430 32434 101.92 0
bi 32440 51539 101.63 0
bi 32434 32440 74.58 0
bi 32449 51540 116.71 0
bi 32440 32449 84.95 0
bi 32460 32255 129.31 0
bi 32449 32460 123.56 0
bi 32460 32490 134.59 0
bi 32490 32501 92.36 0
bi 32501 32519 90.15 0
bi 32517 32430 105.70 0
bi 32519 32518 132.12 0
bi 32603 32517 125.81 0
bi 32657 32490 90.85 0
bi 32658 32657 135.30 0
bi 32657 51553 78.67 0
bi 32673 32434 134.23 0
bi 32676 32519 119.19 0
bi 32677 32676 83.71 0
bi 32676 51556 155.33 0
bi 32684 32603 146.31 0
bi 32700 32460 68.53 0
bi 32673 32700 105.70 0
bi 32700 32719 88.67 0
bi 32718 32501 138.15 0
bi 32719 32718 58.00 0
bi 32718 32734 159.20 0
bi 32734 32733 130.26 0
bi 32751 32684 125.63 0
bi 32776 32700 109.58 0
bi 32777 32776 174.82 0
bi 32826 32751 107.00 0
bi 32896 32885 88.56 0
bi 32896 32734 103.89 0
bi 32902 32896 109.46 0
bi 32902 32719 100.90 0
bi 32912 32902 82.81 0
bi 32912 32776 117.85 0
bi 32917 32826 76.22 0
bi 32917 32912 107.81 0
bi 32440 52814 72.74 0
bi 31995 48797 116.59 0
LISTA_ARISTAS_NOREQ : 
CORDENADAS_NODOS :  
uni 31886 31837 24.24
uni 31905 31892 47.06
uni 31947 31886 32.86
uni 31951 31905 74.03
uni 31965 31951 48.11
uni 31837 31972 152.08
uni 31983 31965 41.36
uni 31972 31983 41.63
uni 31991 31837 149.58
uni 31995 32005 193.20
uni 31886 31837 24.24
uni 31905 31892 47.06
uni 31947 31886 32.86
uni 31951 31905 74.03
uni 31965 31951 48.11
uni 31837 31972 152.08
uni 31983 31965 41.36
uni 31972 31983 41.63
uni 31991 31837 149.58
uni 31995 32005 193.20
uni 31886 31837 24.24
uni 31905 31892 47.06
uni 31947 31886 32.86
uni 31951 31905 74.03
uni 31965 31951 48.11
uni 31837 31972 152.08
uni 31983 31965 41.36
uni 31972 31983 41.63
uni 31991 31837 149.58
uni 31995 32005 193.20
uni 31886 31837 24.24
uni 31905 31892 47.06
uni 31947 31886 32.86
uni 31951 31905 74.03
uni 31965 31951 48.11
uni 31837 31972 152.08
uni 31983 31965 41.36
uni 31972 31983 41.63
uni 31991 31837 149.58
uni 31995 32005 193.20
uni 31886 31837 24.24
uni 31905 31892 47.06
uni 31947 31886 32.86
uni 31951 31905 74.03
uni 31965 31951 48.11
uni 31837 31972 152.08
uni 31983 31965 41.36
uni 31972 31983 41.63
uni 31991 31837 149.58
uni 31995 32005 193.20
uni 31886 31837 24.24
uni 31905 31892 47.06
uni 31947 31886 32.86
uni 31951 31905 74.03
uni 31965 31951 48.11
uni 31837 31972 152.08
uni 31983 31965 41.36
uni 31972 31983 41.63
uni 31991 31837 149.58
uni 31995 32005 193.20
uni 31886 31837 24.24
uni 31905 31892 47.06
uni 31947 31886 32.86
uni 31951 31905 74.03
uni 31965 31951 48.11
uni 31965 31951 48.11
uni 31837 31972 152.08
uni 31983 31965 41.36
uni 31972 31983 41.63
uni 31991 31837 149.58
uni 31995 32005 193.20
uni 31837 31972 152.08
uni 31983 31965 41.36
uni 31972 31983 41.63
uni 31991 31837 149.58
uni 31995 32005 193.20
RESTRICCIONES :
NODOS_INICIALES:
31837
NODOS_TERMINO:
31965