NOMBRE : Renca Mediano
COMENTARIO : Caso real 2
VERTICES : 76
ARISTAS_REQ : 92
ARISTAS_NOREQ : 0
RESTRICCIONES : 0
NODOS_INICIALES : 1
NODOS_TERMINO : 1
LISTA_ARISTAS_REQ : 
uni 31886 31837 78.78 0
uni 31905 31892 49.62 0
uni 31947 31886 89.99 0
uni 31951 31905 87.98 0
uni 31965 31951 98.87 0
uni 31837 31972 66.33 0
uni 31983 31965 121.51 0
uni 31972 31983 87.30 0
uni 31991 31837 159.27 0
uni 31995 32005 157.54 0
uni 32004 31991 133.57 0
uni 32005 32004 32.41 0
uni 32006 31947 106.51 0
uni 32057 32006 128.44 0
uni 32144 32057 134.50 0
uni 31837 32165 134.13 0
uni 32211 32144 166.04 0
uni 32165 32253 66.47 0
uni 32288 32211 150.49 0
uni 32353 32288 93.08 0
uni 32518 32353 103.14 0
uni 32253 32518 88.63 0
uni 32619 32518 114.09 0
uni 32709 32619 118.09 0
uni 32518 32733 114.43 0
uni 32885 32709 107.80 0
uni 32733 32885 137.45 0
uni 31892 48797 152.81 0
bi 31930 31995 102.06 0
bi 31994 31930 154.05 0
bi 32046 31994 88.13 0
bi 32106 32005 72.28 0
bi 32107 32046 149.45 0
bi 32119 32004 123.33 0
bi 32106 32119 39.91 0
bi 32136 31991 132.06 0
bi 32119 32136 72.21 0
bi 32148 51522 115.81 0
bi 32136 32148 115.68 0
bi 32148 32165 86.80 0
bi 32188 32107 80.61 0
bi 32199 32106 83.67 0
bi 32216 32256 97.33 0
bi 32199 32253 119.33 0
bi 32255 32199 99.87 0
bi 32256 32255 127.01 0
bi 32270 32188 81.27 0
bi 32344 32270 106.82 0
bi 32430 32344 68.90 0
bi 32434 32256 91.06 0
bi 32430 32434 77.42 0
bi 32440 51539 105.04 0
bi 32434 32440 104.63 0
bi 32449 51540 129.51 0
bi 32440 32449 89.98 0
bi 32460 32255 128.48 0
bi 32449 32460 31.48 0
bi 32460 32490 70.70 0
bi 32490 32501 89.60 0
bi 32501 32519 143.46 0
bi 32517 32430 98.26 0
bi 32519 32518 73.23 0
bi 32603 32517 137.08 0
bi 32657 32490 110.57 0
bi 32658 32657 58.66 0
bi 32657 51553 107.41 0
bi 32673 32434 78.74 0
bi 32676 32519 80.44 0
bi 32677 32676 118.08 0
bi 32676 51556 109.24 0
bi 32684 32603 95.82 0
bi 32700 32460 93.73 0
bi 32673 32700 63.17 0
bi 32700 32719 121.90 0
bi 32718 32501 112.84 0
bi 32719 32718 96.76 0
bi 32718 32734 69.95 0
bi 32734 32733 85.83 0
bi 32751 32684 99.87 0
bi 32776 32700 126.72 0
bi 32777 32776 90.04 0
bi 32826 32751 126.28 0
bi 32896 32885 50.21 0
bi 32896 32734 165.20 0
bi 32902 32896 81.78 0
bi 32902 32719 121.04 0
bi 32912 32902 87.82 0
bi 32912 32776 122.20 0
bi 32917 32826 115.77 0
bi 32917 32912 86.43 0
bi 32440 52814 116.29 0
bi 31995 48797 119.98 0
LISTA_ARISTAS_NOREQ : 
CORDENADAS_NODOS :  
uni 31886 31837 24.24
uni 31905 31892 47.06
uni 31947 31886 32.86
uni 31951 31905 74.03
uni 31965 31951 48.11
uni 31837 31972 152.08
uni 31983 31965 41.36
uni 31972 31983 41.63
uni 31991 31837 149.58
uni 31995 32005 193.20
uni 31886 31837 24.24
uni 31905 31892 47.06
uni 31947 31886 32.86
uni 31951 31905 74.03
uni 31965 31951 48.11
uni 31837 31972 152.08
uni 31983 31965 41.36
uni 31972 31983 41.63
uni 31991 31837 149.58
uni 31995 32005 193.20
uni 31886 31837 24.24
uni 31905 31892 47.06
uni 31947 31886 32.86
uni 31951 31905 74.03
uni 31965 31951 48.11
uni 31837 31972 152.08
uni 31983 31965 41.36
uni 31972 31983 41.63
uni 31991 31837 149.58
uni 31995 32005 193.20
uni 31886 31837 24.24
uni 31905 31892 47.06
uni 31947 31886 32.86
uni 31951 31905 74.03
uni 31965 31951 48.11
uni 31837 31972 152.08
uni 31983 31965 41.36
uni 31972 31983 41.63
uni 31991 31837 149.58
uni 31995 32005 193.20
uni 31886 31837 24.24
uni 31905 31892 47.06
uni 31947 31886 32.86
uni 31951 31905 74.03
uni 31965 31951 48.11
uni 31837 31972 152.08
uni 31983 31965 41.36
uni 31972 31983 41.63
uni 31991 31837 149.58
uni 31995 32005 193.20
uni 31886 31837 24.24
uni 31905 31892 47.06
uni 31947 31886 32.86
uni 31951 31905 74.03
uni 31965 31951 48.11
uni 31837 31972 152.08
uni 31983 31965 41.36
uni 31972 31983 41.63
uni 31991 31837 149.58
uni 31995 32005 193.20
uni 31886 31837 24.24
uni 31905 31892 47.06
uni 31947 31886 32.86
uni 31951 31905 74.03
uni 31965 31951 48.11
uni 31965 31951 48.11
uni 31837 31972 152.08
uni 31983 31965 41.36
uni 31972 31983 41.63
uni 31991 31837 149.58
uni 31995 32005 193.20
uni 31837 31972 152.08
uni 31983 31965 41.36
uni 31972 31983 41.63
uni 31991 31837 149.58
uni 31995 32005 193.20
RESTRICCIONES :
NODOS_INICIALES:
31837
NODOS_TERMINO:
31965