NOMBRE : Instancia real grande
COMENTARIO : caso real 
VERTICES : 204 
ARISTAS_REQ : 293
ARISTAS_NOREQ : 0 
RESTRICCIONES : 0 
NODOS_INICIALES : 1 
NODOS_TERMINO : 1 
LISTA_ARISTAS_REQ : 
uni 31492 31752 94.53 1
uni 31752 31766 156.97 1
uni 31766 31794 155.30 1
uni 31773 31492 133.02 1
uni 31793 31773 161.59 1
uni 31794 31809 114.79 1
uni 31809 31826 134.15 1
uni 31818 31793 95.60 1
uni 31826 31818 134.09 1
uni 31829 31818 90.47 1
uni 31849 31829 192.19 1
uni 31871 31849 68.52 1
uni 31886 31837 131.31 1
uni 48797 31871 81.92 1
uni 31818 31995 60.01 1
uni 31905 31892 98.58 1
uni 31947 31886 141.63 1
uni 31951 31905 136.86 1
uni 31965 31951 103.92 1
uni 31837 31972 27.79 1
uni 31983 31965 58.84 1
uni 31972 31983 106.29 1
uni 31991 31837 170.59 1
uni 31995 32005 184.26 1
uni 32004 31991 103.62 1
uni 32005 32004 90.85 1
uni 32006 31947 76.20 1
uni 32057 32006 59.35 1
uni 32144 32057 109.27 1
uni 31837 32165 131.46 1
uni 32211 32144 80.92 1
uni 32165 32253 96.12 1
uni 32288 32211 142.36 1
uni 32353 32288 99.16 1
uni 32518 32353 103.29 1
uni 32253 32518 101.89 1
uni 32619 32518 105.20 1
uni 32709 32619 103.60 1
uni 32518 32733 126.46 1
uni 32815 32735 158.77 1
uni 32885 32709 132.49 1
uni 32733 32885 80.33 1
uni 32887 32815 117.30 1
uni 32887 47103 144.96 1
bi 32735 47103 126.42 1
uni 31892 48797 116.53 1
bi 31833 31492 80.60 1
bi 31840 31794 78.83 1
bi 31850 31818 137.43 1
bi 31840 31850 60.03 1
bi 31853 31752 121.81 1
bi 31833 31853 142.91 1
bi 31902 31840 85.34 1
bi 31913 31850 146.17 1
bi 31902 31913 124.35 1
bi 31920 51511 147.14 1
bi 31930 31995 97.09 1
bi 31913 31930 24.60 1
bi 31931 31853 151.13 1
bi 31920 31931 88.96 1
bi 31936 31920 122.44 1
bi 31937 31766 88.37 1
bi 31931 31937 142.94 1
bi 31941 31902 122.93 1
bi 31937 31941 173.40 1
bi 31973 31941 128.99 1
bi 31973 31982 107.96 1
bi 31981 31913 101.65 1
bi 31982 31981 176.87 1
bi 31984 31833 106.26 1
bi 31994 31930 33.34 1
bi 31981 31994 120.02 1
bi 32011 31931 153.11 1
bi 31984 32011 106.12 1
bi 32035 31973 60.15 1
bi 32041 31982 109.45 1
bi 32035 32041 104.99 1
bi 32044 31981 127.37 1
bi 32041 32044 106.59 1
bi 32046 31994 115.78 1
bi 32044 32046 93.94 1
bi 32068 32011 154.38 1
bi 32072 31937 110.64 1
bi 32068 32072 157.12 1
bi 32086 32035 122.82 1
bi 32072 32086 112.16 1
bi 32095 32041 74.80 1
bi 32086 32095 97.14 1
bi 32101 32044 101.35 1
bi 32095 32101 135.26 1
bi 32106 32005 150.41 1
bi 32107 32046 114.63 1
bi 32101 32107 104.44 1
bi 32119 32004 113.84 1
bi 32106 32119 155.70 1
bi 32125 31984 169.22 1
bi 32136 31991 74.00 1
bi 32119 32136 105.74 1
bi 32138 32068 69.36 1
bi 32139 32138 93.06 1
bi 32148 51522 114.50 1
bi 32136 32148 192.56 1
bi 32148 32165 164.04 1
bi 32166 32086 117.13 1
bi 32173 32095 127.30 1
bi 32166 32173 151.52 1
bi 32177 32101 125.21 1
bi 32173 32177 90.50 1
bi 32188 32107 83.95 1
bi 32177 32188 114.72 1
bi 32199 32106 108.94 1
bi 32216 32256 44.29 1
bi 32217 32139 119.64 1
bi 32226 32138 70.43 1
bi 32217 32226 137.06 1
bi 32240 32072 77.56 1
bi 32243 32166 145.22 1
bi 32240 32243 103.50 1
bi 32243 32248 142.96 1
bi 32247 32173 151.07 1
bi 32248 32247 127.68 1
bi 32199 32253 126.77 1
bi 32255 32199 93.38 1
bi 32256 32255 127.50 1
bi 32263 32177 113.85 1
bi 32247 32263 91.33 1
bi 32263 32271 77.14 1
bi 32270 32188 136.62 1
bi 32271 32270 130.39 1
bi 32303 32217 121.39 1
bi 32304 51531 129.73 1
bi 32303 32304 112.90 1
bi 32308 51533 127.77 1
bi 32311 32226 146.43 1
bi 32308 32311 113.21 1
bi 32314 32304 147.98 1
bi 32317 32308 93.60 1
bi 32323 32248 124.77 1
bi 32332 32263 56.53 1
bi 32323 32332 109.01 1
bi 32341 32271 154.13 1
bi 32332 32341 198.07 1
bi 32344 32270 34.77 1
bi 32341 32344 109.02 1
bi 32393 32303 135.85 1
bi 32405 32311 134.39 1
bi 32393 32405 135.13 1
bi 32408 32240 120.68 1
bi 32405 32408 124.44 1
bi 32409 32243 183.79 1
bi 32408 32409 96.79 1
bi 32413 32323 112.99 1
bi 32409 32413 122.53 1
bi 32413 32421 58.72 1
bi 32420 32332 148.42 1
bi 32421 32420 158.94 1
bi 32420 32425 47.92 1
bi 32424 32341 139.07 1
bi 32425 32424 126.00 1
bi 32430 32344 130.81 1
bi 32424 32430 139.40 1
bi 32434 32256 167.60 1
bi 32430 32434 125.08 1
bi 32440 51539 145.60 1
bi 32434 32440 82.26 1
bi 32449 51540 20.09 1
bi 32440 32449 78.17 1
bi 32460 32255 130.42 1
bi 32449 32460 42.87 1
bi 32460 32490 145.04 1
bi 32475 32393 92.00 1
bi 32481 51542 137.03 1
bi 32475 32481 128.07 1
bi 32482 51543 98.80 1
bi 32485 32405 147.79 1
bi 32482 32485 27.39 1
bi 32490 32501 151.50 1
bi 32494 32481 50.32 1
bi 32496 32482 94.59 1
bi 32497 32421 49.27 1
bi 32501 32519 139.73 1
bi 32506 32420 120.55 1
bi 32497 32506 55.58 1
bi 32513 32424 126.41 1
bi 32517 32430 84.63 1
bi 32513 32517 90.08 1
bi 32519 32518 97.67 1
bi 32554 32475 53.03 1
bi 32554 32560 100.04 1
bi 32559 32485 130.21 1
bi 32560 32559 130.92 1
bi 32562 32408 117.57 1
bi 32559 32562 107.99 1
bi 32565 32409 120.63 1
bi 32562 32565 140.70 1
bi 32569 32413 121.37 1
bi 32565 32569 89.93 1
bi 32574 32497 147.53 1
bi 32569 32574 46.85 1
bi 32583 32506 91.76 1
bi 32574 32583 103.89 1
bi 32585 32425 100.14 1
bi 32583 32585 172.90 1
bi 32591 32513 102.90 1
bi 32585 32591 114.73 1
bi 32603 32517 119.34 1
bi 32591 32603 105.38 1
bi 32657 32490 106.27 1
bi 32658 32657 135.34 1
bi 32657 51553 151.38 1
bi 32660 32565 101.60 1
bi 32668 32574 85.88 1
bi 32660 32668 122.04 1
bi 32672 32583 49.39 1
bi 32668 32672 87.50 1
bi 32673 32434 119.94 1
bi 32676 32519 104.46 1
bi 32677 32676 90.61 1
bi 32678 32591 88.64 1
bi 32672 32678 157.55 1
bi 32676 51556 122.71 1
bi 32684 32603 152.40 1
bi 32678 32684 178.13 1
bi 32700 32460 31.17 1
bi 32673 32700 96.56 1
bi 32700 32719 128.71 1
bi 32718 32501 11.18 1
bi 32719 32718 115.52 1
bi 32718 32734 150.95 1
bi 32722 32562 58.72 1
bi 32724 32660 82.40 1
bi 32722 32724 65.09 1
bi 32729 32722 36.97 1
bi 32729 32559 101.91 1
bi 32734 32733 108.46 1
bi 32735 32554 60.95 1
bi 32739 32668 130.05 1
bi 32724 32739 123.08 1
bi 32740 32560 77.11 1
bi 32735 32740 76.84 1
bi 32740 32729 127.96 1
bi 32742 32672 57.45 1
bi 32739 32742 95.11 1
bi 32746 32678 154.54 1
bi 32742 32746 125.13 1
bi 32751 32684 79.55 1
bi 32746 32751 99.43 1
bi 32763 32722 118.86 1
bi 32769 32739 112.43 1
bi 32773 51563 121.90 1
bi 32776 32700 88.57 1
bi 32777 32776 120.08 1
bi 32794 51566 110.97 1
bi 32811 51567 129.06 1
bi 32811 32729 68.62 1
bi 32812 51563 133.87 1
bi 32819 32742 104.76 1
bi 32812 32819 126.06 1
bi 32815 32811 143.34 1
bi 32823 51566 90.84 1
bi 32826 32751 105.86 1
bi 32823 32826 91.27 1
bi 32850 32773 128.05 1
bi 32852 32812 76.02 1
bi 32850 32852 110.14 1
bi 32858 32794 129.19 1
bi 32860 32823 47.02 1
bi 32858 32860 74.08 1
bi 32892 32811 115.54 1
bi 32887 32892 65.19 1
bi 32895 51567 167.20 1
bi 32892 32895 83.68 1
bi 32896 32885 74.97 1
bi 32896 32734 135.87 1
bi 32897 32724 110.12 1
bi 32895 32897 142.96 1
bi 32901 32852 123.98 1
bi 32897 32901 132.39 1
bi 32902 32896 168.74 1
bi 32902 32719 83.46 1
bi 32910 32819 81.97 1
bi 32901 32910 122.67 1
bi 32912 32902 143.82 1
bi 32912 32776 103.89 1
bi 32913 32860 123.59 1
bi 32910 32913 110.14 1
bi 32917 32826 151.93 1
bi 32913 32917 78.02 1
bi 32917 32912 119.36 1
bi 32440 52814 141.54 1
bi 32125 32139 139.76 1
bi 31995 48797 143.88 1
bi 48797 31995 79.25 1
LISTA_ARISTAS_NOREQ :
CORDENADAS_NODOS :
1 1
1 1
1 1
1 1
1 1
1 1
1 1
1 1
1 1
1 1
1 1
1 1
1 1
1 1
1 1
1 1
1 1
1 1
1 1
1 1
1 1
1 1
1 1
1 1
1 1
1 1
1 1
1 1
1 1
1 1
1 1
1 1
1 1
1 1
1 1
1 1
1 1
1 1
1 1
1 1
1 1
1 1
1 1
1 1
1 1
1 1
1 1
1 1
1 1
1 1
1 1
1 1
1 1
1 1
1 1
1 1
1 1
1 1
1 1
1 1
1 1
1 1
1 1
1 1
1 1
1 1
1 1
1 1
1 1
1 1
1 1
1 1
1 1
1 1
1 1
1 1
1 1
1 1
1 1
1 1
1 1
1 1
1 1
1 1
1 1
1 1
1 1
1 1
1 1
1 1
1 1
1 1
1 1
1 1
1 1
1 1
1 1
1 1
1 1
1 1
1 1
1 1
1 1
1 1
1 1
1 1
1 1
1 1
1 1
1 1
1 1
1 1
1 1
1 1
1 1
1 1
1 1
1 1
1 1
1 1
1 1
1 1
1 1
1 1
1 1
1 1
1 1
1 1
1 1
1 1
1 1
1 1
1 1
1 1
1 1
1 1
1 1
1 1
1 1
1 1
1 1
1 1
1 1
1 1
1 1
1 1
1 1
1 1
1 1
1 1
1 1
1 1
1 1
1 1
1 1
1 1
1 1
1 1
1 1
1 1
1 1
1 1
1 1
1 1
1 1
1 1
1 1
1 1
1 1
1 1
1 1
1 1
1 1
1 1
1 1
1 1
1 1
1 1
1 1
1 1
1 1
1 1
1 1
1 1
1 1
1 1
1 1
1 1
1 1
1 1
1 1
1 1
1 1
1 1
1 1
1 1
1 1
1 1
1 1
1 1
1 1
1 1
1 1
1 1
RESTRICCIONES :
NODOS_INICIALES:
31837
NODOS_TERMINO:
31492