NOMBRE : Renca Mediano
COMENTARIO : Caso real 2
VERTICES : 76
ARISTAS_REQ : 92
ARISTAS_NOREQ : 0
RESTRICCIONES : 0
NODOS_INICIALES : 1
NODOS_TERMINO : 1
LISTA_ARISTAS_REQ : 
uni 31886 31837 72.72 0
uni 31905 31892 60.81 0
uni 31947 31886 84.51 0
uni 31951 31905 130.25 0
uni 31965 31951 111.25 0
uni 31837 31972 50.54 0
uni 31983 31965 134.16 0
uni 31972 31983 73.54 0
uni 31991 31837 138.82 0
uni 31995 32005 118.16 0
uni 32004 31991 99.18 0
uni 32005 32004 47.49 0
uni 32006 31947 126.10 0
uni 32057 32006 61.47 0
uni 32144 32057 82.70 0
uni 31837 32165 63.86 0
uni 32211 32144 51.32 0
uni 32165 32253 54.62 0
uni 32288 32211 70.85 0
uni 32353 32288 83.00 0
uni 32518 32353 134.76 0
uni 32253 32518 155.83 0
uni 32619 32518 75.03 0
uni 32709 32619 94.03 0
uni 32518 32733 80.42 0
uni 32885 32709 54.70 0
uni 32733 32885 112.72 0
uni 31892 48797 33.50 0
bi 31930 31995 110.57 0
bi 31994 31930 96.33 0
bi 32046 31994 132.20 0
bi 32106 32005 137.91 0
bi 32107 32046 73.59 0
bi 32119 32004 82.42 0
bi 32106 32119 94.23 0
bi 32136 31991 132.57 0
bi 32119 32136 75.29 0
bi 32148 51522 139.29 0
bi 32136 32148 149.04 0
bi 32148 32165 42.92 0
bi 32188 32107 68.24 0
bi 32199 32106 120.67 0
bi 32216 32256 124.46 0
bi 32199 32253 100.31 0
bi 32255 32199 87.97 0
bi 32256 32255 123.85 0
bi 32270 32188 78.10 0
bi 32344 32270 112.78 0
bi 32430 32344 85.49 0
bi 32434 32256 109.67 0
bi 32430 32434 84.23 0
bi 32440 51539 82.69 0
bi 32434 32440 150.03 0
bi 32449 51540 85.57 0
bi 32440 32449 108.87 0
bi 32460 32255 136.69 0
bi 32449 32460 107.12 0
bi 32460 32490 184.81 0
bi 32490 32501 89.36 0
bi 32501 32519 133.17 0
bi 32517 32430 59.21 0
bi 32519 32518 100.94 0
bi 32603 32517 134.60 0
bi 32657 32490 112.92 0
bi 32658 32657 131.98 0
bi 32657 51553 87.71 0
bi 32673 32434 98.07 0
bi 32676 32519 148.58 0
bi 32677 32676 80.61 0
bi 32676 51556 77.79 0
bi 32684 32603 150.81 0
bi 32700 32460 74.64 0
bi 32673 32700 101.50 0
bi 32700 32719 165.78 0
bi 32718 32501 154.30 0
bi 32719 32718 106.33 0
bi 32718 32734 78.63 0
bi 32734 32733 81.08 0
bi 32751 32684 86.86 0
bi 32776 32700 115.44 0
bi 32777 32776 124.16 0
bi 32826 32751 110.70 0
bi 32896 32885 95.11 0
bi 32896 32734 42.44 0
bi 32902 32896 103.92 0
bi 32902 32719 122.69 0
bi 32912 32902 103.20 0
bi 32912 32776 56.15 0
bi 32917 32826 124.17 0
bi 32917 32912 129.36 0
bi 32440 52814 72.49 0
bi 31995 48797 12.90 0
LISTA_ARISTAS_NOREQ : 
CORDENADAS_NODOS :  
uni 31886 31837 24.24
uni 31905 31892 47.06
uni 31947 31886 32.86
uni 31951 31905 74.03
uni 31965 31951 48.11
uni 31837 31972 152.08
uni 31983 31965 41.36
uni 31972 31983 41.63
uni 31991 31837 149.58
uni 31995 32005 193.20
uni 31886 31837 24.24
uni 31905 31892 47.06
uni 31947 31886 32.86
uni 31951 31905 74.03
uni 31965 31951 48.11
uni 31837 31972 152.08
uni 31983 31965 41.36
uni 31972 31983 41.63
uni 31991 31837 149.58
uni 31995 32005 193.20
uni 31886 31837 24.24
uni 31905 31892 47.06
uni 31947 31886 32.86
uni 31951 31905 74.03
uni 31965 31951 48.11
uni 31837 31972 152.08
uni 31983 31965 41.36
uni 31972 31983 41.63
uni 31991 31837 149.58
uni 31995 32005 193.20
uni 31886 31837 24.24
uni 31905 31892 47.06
uni 31947 31886 32.86
uni 31951 31905 74.03
uni 31965 31951 48.11
uni 31837 31972 152.08
uni 31983 31965 41.36
uni 31972 31983 41.63
uni 31991 31837 149.58
uni 31995 32005 193.20
uni 31886 31837 24.24
uni 31905 31892 47.06
uni 31947 31886 32.86
uni 31951 31905 74.03
uni 31965 31951 48.11
uni 31837 31972 152.08
uni 31983 31965 41.36
uni 31972 31983 41.63
uni 31991 31837 149.58
uni 31995 32005 193.20
uni 31886 31837 24.24
uni 31905 31892 47.06
uni 31947 31886 32.86
uni 31951 31905 74.03
uni 31965 31951 48.11
uni 31837 31972 152.08
uni 31983 31965 41.36
uni 31972 31983 41.63
uni 31991 31837 149.58
uni 31995 32005 193.20
uni 31886 31837 24.24
uni 31905 31892 47.06
uni 31947 31886 32.86
uni 31951 31905 74.03
uni 31965 31951 48.11
uni 31965 31951 48.11
uni 31837 31972 152.08
uni 31983 31965 41.36
uni 31972 31983 41.63
uni 31991 31837 149.58
uni 31995 32005 193.20
uni 31837 31972 152.08
uni 31983 31965 41.36
uni 31972 31983 41.63
uni 31991 31837 149.58
uni 31995 32005 193.20
RESTRICCIONES :
NODOS_INICIALES:
31837
NODOS_TERMINO:
31965