NOMBRE : Instancia real grande
COMENTARIO : caso real 
VERTICES : 204 
ARISTAS_REQ : 293
ARISTAS_NOREQ : 0 
RESTRICCIONES : 0 
NODOS_INICIALES : 1 
NODOS_TERMINO : 1 
LISTA_ARISTAS_REQ : 
uni 31492 31752 136.12 1
uni 31752 31766 135.20 1
uni 31766 31794 105.32 1
uni 31773 31492 93.70 1
uni 31793 31773 139.59 1
uni 31794 31809 102.63 1
uni 31809 31826 53.27 1
uni 31818 31793 123.28 1
uni 31826 31818 125.44 1
uni 31829 31818 111.61 1
uni 31849 31829 130.41 1
uni 31871 31849 133.16 1
uni 31886 31837 132.84 1
uni 48797 31871 144.61 1
uni 31818 31995 166.22 1
uni 31905 31892 136.27 1
uni 31947 31886 76.93 1
uni 31951 31905 87.50 1
uni 31965 31951 91.80 1
uni 31837 31972 132.15 1
uni 31983 31965 139.80 1
uni 31972 31983 128.00 1
uni 31991 31837 133.68 1
uni 31995 32005 114.47 1
uni 32004 31991 138.20 1
uni 32005 32004 99.04 1
uni 32006 31947 136.81 1
uni 32057 32006 117.88 1
uni 32144 32057 101.07 1
uni 31837 32165 78.15 1
uni 32211 32144 90.15 1
uni 32165 32253 95.24 1
uni 32288 32211 114.78 1
uni 32353 32288 173.44 1
uni 32518 32353 154.16 1
uni 32253 32518 102.09 1
uni 32619 32518 76.62 1
uni 32709 32619 146.61 1
uni 32518 32733 145.22 1
uni 32815 32735 119.14 1
uni 32885 32709 119.77 1
uni 32733 32885 94.11 1
uni 32887 32815 116.32 1
uni 32887 47103 105.65 1
bi 32735 47103 123.51 1
uni 31892 48797 118.79 1
bi 31833 31492 173.97 1
bi 31840 31794 56.44 1
bi 31850 31818 127.33 1
bi 31840 31850 136.03 1
bi 31853 31752 85.48 1
bi 31833 31853 100.85 1
bi 31902 31840 100.43 1
bi 31913 31850 30.56 1
bi 31902 31913 76.27 1
bi 31920 51511 115.62 1
bi 31930 31995 176.90 1
bi 31913 31930 140.68 1
bi 31931 31853 83.99 1
bi 31920 31931 112.98 1
bi 31936 31920 129.31 1
bi 31937 31766 110.77 1
bi 31931 31937 121.14 1
bi 31941 31902 92.97 1
bi 31937 31941 187.18 1
bi 31973 31941 121.92 1
bi 31973 31982 108.36 1
bi 31981 31913 170.04 1
bi 31982 31981 106.93 1
bi 31984 31833 136.34 1
bi 31994 31930 94.11 1
bi 31981 31994 112.95 1
bi 32011 31931 91.25 1
bi 31984 32011 76.21 1
bi 32035 31973 154.18 1
bi 32041 31982 109.06 1
bi 32035 32041 101.80 1
bi 32044 31981 100.81 1
bi 32041 32044 129.32 1
bi 32046 31994 163.02 1
bi 32044 32046 89.35 1
bi 32068 32011 167.98 1
bi 32072 31937 128.88 1
bi 32068 32072 111.06 1
bi 32086 32035 109.21 1
bi 32072 32086 88.07 1
bi 32095 32041 154.96 1
bi 32086 32095 126.39 1
bi 32101 32044 120.68 1
bi 32095 32101 101.30 1
bi 32106 32005 118.12 1
bi 32107 32046 104.05 1
bi 32101 32107 141.30 1
bi 32119 32004 115.88 1
bi 32106 32119 132.36 1
bi 32125 31984 110.16 1
bi 32136 31991 106.11 1
bi 32119 32136 124.26 1
bi 32138 32068 150.91 1
bi 32139 32138 70.70 1
bi 32148 51522 139.75 1
bi 32136 32148 117.27 1
bi 32148 32165 95.21 1
bi 32166 32086 128.19 1
bi 32173 32095 87.59 1
bi 32166 32173 143.17 1
bi 32177 32101 69.85 1
bi 32173 32177 81.13 1
bi 32188 32107 153.71 1
bi 32177 32188 131.93 1
bi 32199 32106 120.89 1
bi 32216 32256 102.20 1
bi 32217 32139 181.16 1
bi 32226 32138 92.94 1
bi 32217 32226 154.76 1
bi 32240 32072 114.51 1
bi 32243 32166 54.53 1
bi 32240 32243 83.91 1
bi 32243 32248 72.77 1
bi 32247 32173 106.62 1
bi 32248 32247 137.78 1
bi 32199 32253 110.11 1
bi 32255 32199 144.55 1
bi 32256 32255 89.92 1
bi 32263 32177 152.55 1
bi 32247 32263 127.07 1
bi 32263 32271 47.72 1
bi 32270 32188 207.38 1
bi 32271 32270 125.63 1
bi 32303 32217 146.16 1
bi 32304 51531 129.52 1
bi 32303 32304 161.52 1
bi 32308 51533 118.35 1
bi 32311 32226 98.38 1
bi 32308 32311 78.35 1
bi 32314 32304 98.97 1
bi 32317 32308 126.90 1
bi 32323 32248 138.89 1
bi 32332 32263 76.34 1
bi 32323 32332 118.08 1
bi 32341 32271 110.33 1
bi 32332 32341 110.71 1
bi 32344 32270 122.52 1
bi 32341 32344 132.35 1
bi 32393 32303 130.40 1
bi 32405 32311 113.82 1
bi 32393 32405 147.07 1
bi 32408 32240 146.17 1
bi 32405 32408 163.57 1
bi 32409 32243 126.87 1
bi 32408 32409 58.57 1
bi 32413 32323 119.65 1
bi 32409 32413 159.11 1
bi 32413 32421 116.72 1
bi 32420 32332 173.08 1
bi 32421 32420 89.16 1
bi 32420 32425 112.60 1
bi 32424 32341 169.38 1
bi 32425 32424 79.07 1
bi 32430 32344 129.22 1
bi 32424 32430 46.23 1
bi 32434 32256 58.41 1
bi 32430 32434 121.46 1
bi 32440 51539 66.39 1
bi 32434 32440 127.00 1
bi 32449 51540 194.42 1
bi 32440 32449 104.32 1
bi 32460 32255 123.42 1
bi 32449 32460 140.35 1
bi 32460 32490 144.26 1
bi 32475 32393 141.66 1
bi 32481 51542 144.47 1
bi 32475 32481 107.68 1
bi 32482 51543 104.12 1
bi 32485 32405 124.74 1
bi 32482 32485 159.00 1
bi 32490 32501 82.08 1
bi 32494 32481 181.35 1
bi 32496 32482 89.86 1
bi 32497 32421 87.64 1
bi 32501 32519 154.20 1
bi 32506 32420 75.79 1
bi 32497 32506 132.10 1
bi 32513 32424 136.46 1
bi 32517 32430 156.59 1
bi 32513 32517 33.17 1
bi 32519 32518 66.99 1
bi 32554 32475 121.20 1
bi 32554 32560 107.42 1
bi 32559 32485 166.67 1
bi 32560 32559 77.53 1
bi 32562 32408 69.83 1
bi 32559 32562 82.59 1
bi 32565 32409 131.75 1
bi 32562 32565 94.06 1
bi 32569 32413 137.99 1
bi 32565 32569 112.82 1
bi 32574 32497 65.19 1
bi 32569 32574 118.80 1
bi 32583 32506 67.90 1
bi 32574 32583 48.14 1
bi 32585 32425 72.17 1
bi 32583 32585 106.20 1
bi 32591 32513 128.34 1
bi 32585 32591 114.74 1
bi 32603 32517 120.36 1
bi 32591 32603 187.71 1
bi 32657 32490 139.73 1
bi 32658 32657 96.22 1
bi 32657 51553 109.39 1
bi 32660 32565 200.12 1
bi 32668 32574 130.99 1
bi 32660 32668 126.16 1
bi 32672 32583 101.64 1
bi 32668 32672 107.52 1
bi 32673 32434 114.53 1
bi 32676 32519 130.96 1
bi 32677 32676 103.48 1
bi 32678 32591 135.73 1
bi 32672 32678 90.96 1
bi 32676 51556 102.40 1
bi 32684 32603 103.47 1
bi 32678 32684 183.02 1
bi 32700 32460 62.30 1
bi 32673 32700 64.14 1
bi 32700 32719 87.53 1
bi 32718 32501 61.70 1
bi 32719 32718 83.25 1
bi 32718 32734 190.86 1
bi 32722 32562 140.87 1
bi 32724 32660 87.43 1
bi 32722 32724 68.06 1
bi 32729 32722 107.69 1
bi 32729 32559 55.63 1
bi 32734 32733 127.33 1
bi 32735 32554 107.02 1
bi 32739 32668 83.12 1
bi 32724 32739 69.80 1
bi 32740 32560 114.51 1
bi 32735 32740 182.69 1
bi 32740 32729 51.50 1
bi 32742 32672 103.75 1
bi 32739 32742 94.60 1
bi 32746 32678 118.40 1
bi 32742 32746 4.84 1
bi 32751 32684 100.61 1
bi 32746 32751 132.65 1
bi 32763 32722 188.62 1
bi 32769 32739 168.61 1
bi 32773 51563 97.96 1
bi 32776 32700 101.10 1
bi 32777 32776 98.23 1
bi 32794 51566 115.09 1
bi 32811 51567 153.61 1
bi 32811 32729 84.39 1
bi 32812 51563 105.66 1
bi 32819 32742 84.45 1
bi 32812 32819 154.14 1
bi 32815 32811 129.04 1
bi 32823 51566 165.51 1
bi 32826 32751 121.60 1
bi 32823 32826 138.25 1
bi 32850 32773 57.64 1
bi 32852 32812 103.75 1
bi 32850 32852 63.24 1
bi 32858 32794 134.03 1
bi 32860 32823 179.12 1
bi 32858 32860 192.38 1
bi 32892 32811 87.57 1
bi 32887 32892 129.43 1
bi 32895 51567 58.82 1
bi 32892 32895 169.56 1
bi 32896 32885 78.46 1
bi 32896 32734 88.92 1
bi 32897 32724 60.26 1
bi 32895 32897 113.36 1
bi 32901 32852 127.58 1
bi 32897 32901 86.20 1
bi 32902 32896 201.31 1
bi 32902 32719 114.78 1
bi 32910 32819 142.53 1
bi 32901 32910 144.13 1
bi 32912 32902 115.38 1
bi 32912 32776 185.42 1
bi 32913 32860 92.64 1
bi 32910 32913 85.57 1
bi 32917 32826 123.44 1
bi 32913 32917 77.72 1
bi 32917 32912 93.72 1
bi 32440 52814 71.25 1
bi 32125 32139 122.34 1
bi 31995 48797 167.84 1
bi 48797 31995 68.87 1
LISTA_ARISTAS_NOREQ :
CORDENADAS_NODOS :
1 1
1 1
1 1
1 1
1 1
1 1
1 1
1 1
1 1
1 1
1 1
1 1
1 1
1 1
1 1
1 1
1 1
1 1
1 1
1 1
1 1
1 1
1 1
1 1
1 1
1 1
1 1
1 1
1 1
1 1
1 1
1 1
1 1
1 1
1 1
1 1
1 1
1 1
1 1
1 1
1 1
1 1
1 1
1 1
1 1
1 1
1 1
1 1
1 1
1 1
1 1
1 1
1 1
1 1
1 1
1 1
1 1
1 1
1 1
1 1
1 1
1 1
1 1
1 1
1 1
1 1
1 1
1 1
1 1
1 1
1 1
1 1
1 1
1 1
1 1
1 1
1 1
1 1
1 1
1 1
1 1
1 1
1 1
1 1
1 1
1 1
1 1
1 1
1 1
1 1
1 1
1 1
1 1
1 1
1 1
1 1
1 1
1 1
1 1
1 1
1 1
1 1
1 1
1 1
1 1
1 1
1 1
1 1
1 1
1 1
1 1
1 1
1 1
1 1
1 1
1 1
1 1
1 1
1 1
1 1
1 1
1 1
1 1
1 1
1 1
1 1
1 1
1 1
1 1
1 1
1 1
1 1
1 1
1 1
1 1
1 1
1 1
1 1
1 1
1 1
1 1
1 1
1 1
1 1
1 1
1 1
1 1
1 1
1 1
1 1
1 1
1 1
1 1
1 1
1 1
1 1
1 1
1 1
1 1
1 1
1 1
1 1
1 1
1 1
1 1
1 1
1 1
1 1
1 1
1 1
1 1
1 1
1 1
1 1
1 1
1 1
1 1
1 1
1 1
1 1
1 1
1 1
1 1
1 1
1 1
1 1
1 1
1 1
1 1
1 1
1 1
1 1
1 1
1 1
1 1
1 1
1 1
1 1
1 1
1 1
1 1
1 1
1 1
1 1
RESTRICCIONES :
NODOS_INICIALES:
31837
NODOS_TERMINO:
31492