NOMBRE : Renca Mediano
COMENTARIO : Caso real 2
VERTICES : 76
ARISTAS_REQ : 92
ARISTAS_NOREQ : 0
RESTRICCIONES : 0
NODOS_INICIALES : 1
NODOS_TERMINO : 1
LISTA_ARISTAS_REQ : 
uni 31886 31837 57.71 0
uni 31905 31892 69.49 0
uni 31947 31886 90.88 0
uni 31951 31905 107.85 0
uni 31965 31951 121.25 0
uni 31837 31972 101.79 0
uni 31983 31965 90.87 0
uni 31972 31983 94.13 0
uni 31991 31837 113.61 0
uni 31995 32005 50.34 0
uni 32004 31991 122.07 0
uni 32005 32004 97.73 0
uni 32006 31947 57.54 0
uni 32057 32006 84.23 0
uni 32144 32057 94.16 0
uni 31837 32165 33.59 0
uni 32211 32144 101.46 0
uni 32165 32253 133.38 0
uni 32288 32211 95.74 0
uni 32353 32288 105.69 0
uni 32518 32353 123.50 0
uni 32253 32518 80.87 0
uni 32619 32518 114.12 0
uni 32709 32619 75.67 0
uni 32518 32733 179.98 0
uni 32885 32709 125.79 0
uni 32733 32885 92.44 0
uni 31892 48797 98.06 0
bi 31930 31995 107.12 0
bi 31994 31930 161.82 0
bi 32046 31994 114.26 0
bi 32106 32005 103.89 0
bi 32107 32046 83.92 0
bi 32119 32004 138.57 0
bi 32106 32119 152.68 0
bi 32136 31991 138.26 0
bi 32119 32136 108.61 0
bi 32148 51522 170.48 0
bi 32136 32148 108.12 0
bi 32148 32165 71.96 0
bi 32188 32107 151.12 0
bi 32199 32106 102.75 0
bi 32216 32256 106.80 0
bi 32199 32253 107.72 0
bi 32255 32199 117.11 0
bi 32256 32255 69.49 0
bi 32270 32188 182.51 0
bi 32344 32270 128.19 0
bi 32430 32344 127.13 0
bi 32434 32256 77.02 0
bi 32430 32434 116.79 0
bi 32440 51539 93.56 0
bi 32434 32440 75.61 0
bi 32449 51540 102.30 0
bi 32440 32449 65.96 0
bi 32460 32255 87.64 0
bi 32449 32460 105.08 0
bi 32460 32490 147.98 0
bi 32490 32501 81.78 0
bi 32501 32519 71.31 0
bi 32517 32430 24.43 0
bi 32519 32518 91.44 0
bi 32603 32517 106.35 0
bi 32657 32490 63.96 0
bi 32658 32657 117.56 0
bi 32657 51553 98.50 0
bi 32673 32434 107.14 0
bi 32676 32519 106.44 0
bi 32677 32676 88.16 0
bi 32676 51556 90.69 0
bi 32684 32603 115.49 0
bi 32700 32460 58.33 0
bi 32673 32700 98.70 0
bi 32700 32719 94.06 0
bi 32718 32501 62.27 0
bi 32719 32718 138.68 0
bi 32718 32734 61.62 0
bi 32734 32733 55.83 0
bi 32751 32684 101.40 0
bi 32776 32700 94.52 0
bi 32777 32776 134.94 0
bi 32826 32751 79.80 0
bi 32896 32885 64.55 0
bi 32896 32734 22.76 0
bi 32902 32896 86.19 0
bi 32902 32719 153.21 0
bi 32912 32902 133.45 0
bi 32912 32776 119.12 0
bi 32917 32826 136.75 0
bi 32917 32912 89.27 0
bi 32440 52814 97.90 0
bi 31995 48797 140.24 0
LISTA_ARISTAS_NOREQ : 
CORDENADAS_NODOS :  
uni 31886 31837 24.24
uni 31905 31892 47.06
uni 31947 31886 32.86
uni 31951 31905 74.03
uni 31965 31951 48.11
uni 31837 31972 152.08
uni 31983 31965 41.36
uni 31972 31983 41.63
uni 31991 31837 149.58
uni 31995 32005 193.20
uni 31886 31837 24.24
uni 31905 31892 47.06
uni 31947 31886 32.86
uni 31951 31905 74.03
uni 31965 31951 48.11
uni 31837 31972 152.08
uni 31983 31965 41.36
uni 31972 31983 41.63
uni 31991 31837 149.58
uni 31995 32005 193.20
uni 31886 31837 24.24
uni 31905 31892 47.06
uni 31947 31886 32.86
uni 31951 31905 74.03
uni 31965 31951 48.11
uni 31837 31972 152.08
uni 31983 31965 41.36
uni 31972 31983 41.63
uni 31991 31837 149.58
uni 31995 32005 193.20
uni 31886 31837 24.24
uni 31905 31892 47.06
uni 31947 31886 32.86
uni 31951 31905 74.03
uni 31965 31951 48.11
uni 31837 31972 152.08
uni 31983 31965 41.36
uni 31972 31983 41.63
uni 31991 31837 149.58
uni 31995 32005 193.20
uni 31886 31837 24.24
uni 31905 31892 47.06
uni 31947 31886 32.86
uni 31951 31905 74.03
uni 31965 31951 48.11
uni 31837 31972 152.08
uni 31983 31965 41.36
uni 31972 31983 41.63
uni 31991 31837 149.58
uni 31995 32005 193.20
uni 31886 31837 24.24
uni 31905 31892 47.06
uni 31947 31886 32.86
uni 31951 31905 74.03
uni 31965 31951 48.11
uni 31837 31972 152.08
uni 31983 31965 41.36
uni 31972 31983 41.63
uni 31991 31837 149.58
uni 31995 32005 193.20
uni 31886 31837 24.24
uni 31905 31892 47.06
uni 31947 31886 32.86
uni 31951 31905 74.03
uni 31965 31951 48.11
uni 31965 31951 48.11
uni 31837 31972 152.08
uni 31983 31965 41.36
uni 31972 31983 41.63
uni 31991 31837 149.58
uni 31995 32005 193.20
uni 31837 31972 152.08
uni 31983 31965 41.36
uni 31972 31983 41.63
uni 31991 31837 149.58
uni 31995 32005 193.20
RESTRICCIONES :
NODOS_INICIALES:
31837
NODOS_TERMINO:
31965