NOMBRE : Renca Mediano
COMENTARIO : Caso real 2
VERTICES : 76
ARISTAS_REQ : 92
ARISTAS_NOREQ : 0
RESTRICCIONES : 0
NODOS_INICIALES : 1
NODOS_TERMINO : 1
LISTA_ARISTAS_REQ : 
uni 31886 31837 107.70 0
uni 31905 31892 75.16 0
uni 31947 31886 170.05 0
uni 31951 31905 91.82 0
uni 31965 31951 118.97 0
uni 31837 31972 101.94 0
uni 31983 31965 127.88 0
uni 31972 31983 55.15 0
uni 31991 31837 151.37 0
uni 31995 32005 148.96 0
uni 32004 31991 141.53 0
uni 32005 32004 121.42 0
uni 32006 31947 77.92 0
uni 32057 32006 111.68 0
uni 32144 32057 90.88 0
uni 31837 32165 137.63 0
uni 32211 32144 101.75 0
uni 32165 32253 59.38 0
uni 32288 32211 54.52 0
uni 32353 32288 156.82 0
uni 32518 32353 64.55 0
uni 32253 32518 134.09 0
uni 32619 32518 162.47 0
uni 32709 32619 83.91 0
uni 32518 32733 142.10 0
uni 32885 32709 68.21 0
uni 32733 32885 104.85 0
uni 31892 48797 112.14 0
bi 31930 31995 119.09 0
bi 31994 31930 99.39 0
bi 32046 31994 79.62 0
bi 32106 32005 45.88 0
bi 32107 32046 81.69 0
bi 32119 32004 87.51 0
bi 32106 32119 93.52 0
bi 32136 31991 107.89 0
bi 32119 32136 42.75 0
bi 32148 51522 57.57 0
bi 32136 32148 95.75 0
bi 32148 32165 115.24 0
bi 32188 32107 107.40 0
bi 32199 32106 113.54 0
bi 32216 32256 107.99 0
bi 32199 32253 104.30 0
bi 32255 32199 73.02 0
bi 32256 32255 95.95 0
bi 32270 32188 95.86 0
bi 32344 32270 68.33 0
bi 32430 32344 144.70 0
bi 32434 32256 66.98 0
bi 32430 32434 66.77 0
bi 32440 51539 66.58 0
bi 32434 32440 71.96 0
bi 32449 51540 129.74 0
bi 32440 32449 79.37 0
bi 32460 32255 135.77 0
bi 32449 32460 118.37 0
bi 32460 32490 114.74 0
bi 32490 32501 142.63 0
bi 32501 32519 165.39 0
bi 32517 32430 155.17 0
bi 32519 32518 67.27 0
bi 32603 32517 118.23 0
bi 32657 32490 169.98 0
bi 32658 32657 130.04 0
bi 32657 51553 140.70 0
bi 32673 32434 82.33 0
bi 32676 32519 123.71 0
bi 32677 32676 126.30 0
bi 32676 51556 150.05 0
bi 32684 32603 123.54 0
bi 32700 32460 97.61 0
bi 32673 32700 73.16 0
bi 32700 32719 119.64 0
bi 32718 32501 65.01 0
bi 32719 32718 115.48 0
bi 32718 32734 112.09 0
bi 32734 32733 166.53 0
bi 32751 32684 125.65 0
bi 32776 32700 80.79 0
bi 32777 32776 101.31 0
bi 32826 32751 78.44 0
bi 32896 32885 94.25 0
bi 32896 32734 91.34 0
bi 32902 32896 140.49 0
bi 32902 32719 119.86 0
bi 32912 32902 111.88 0
bi 32912 32776 90.83 0
bi 32917 32826 157.77 0
bi 32917 32912 109.85 0
bi 32440 52814 88.21 0
bi 31995 48797 59.78 0
LISTA_ARISTAS_NOREQ : 
CORDENADAS_NODOS :  
uni 31886 31837 24.24
uni 31905 31892 47.06
uni 31947 31886 32.86
uni 31951 31905 74.03
uni 31965 31951 48.11
uni 31837 31972 152.08
uni 31983 31965 41.36
uni 31972 31983 41.63
uni 31991 31837 149.58
uni 31995 32005 193.20
uni 31886 31837 24.24
uni 31905 31892 47.06
uni 31947 31886 32.86
uni 31951 31905 74.03
uni 31965 31951 48.11
uni 31837 31972 152.08
uni 31983 31965 41.36
uni 31972 31983 41.63
uni 31991 31837 149.58
uni 31995 32005 193.20
uni 31886 31837 24.24
uni 31905 31892 47.06
uni 31947 31886 32.86
uni 31951 31905 74.03
uni 31965 31951 48.11
uni 31837 31972 152.08
uni 31983 31965 41.36
uni 31972 31983 41.63
uni 31991 31837 149.58
uni 31995 32005 193.20
uni 31886 31837 24.24
uni 31905 31892 47.06
uni 31947 31886 32.86
uni 31951 31905 74.03
uni 31965 31951 48.11
uni 31837 31972 152.08
uni 31983 31965 41.36
uni 31972 31983 41.63
uni 31991 31837 149.58
uni 31995 32005 193.20
uni 31886 31837 24.24
uni 31905 31892 47.06
uni 31947 31886 32.86
uni 31951 31905 74.03
uni 31965 31951 48.11
uni 31837 31972 152.08
uni 31983 31965 41.36
uni 31972 31983 41.63
uni 31991 31837 149.58
uni 31995 32005 193.20
uni 31886 31837 24.24
uni 31905 31892 47.06
uni 31947 31886 32.86
uni 31951 31905 74.03
uni 31965 31951 48.11
uni 31837 31972 152.08
uni 31983 31965 41.36
uni 31972 31983 41.63
uni 31991 31837 149.58
uni 31995 32005 193.20
uni 31886 31837 24.24
uni 31905 31892 47.06
uni 31947 31886 32.86
uni 31951 31905 74.03
uni 31965 31951 48.11
uni 31965 31951 48.11
uni 31837 31972 152.08
uni 31983 31965 41.36
uni 31972 31983 41.63
uni 31991 31837 149.58
uni 31995 32005 193.20
uni 31837 31972 152.08
uni 31983 31965 41.36
uni 31972 31983 41.63
uni 31991 31837 149.58
uni 31995 32005 193.20
RESTRICCIONES :
NODOS_INICIALES:
31837
NODOS_TERMINO:
31965