NOMBRE : Instancia real grande
COMENTARIO : caso real 
VERTICES : 204 
ARISTAS_REQ : 293
ARISTAS_NOREQ : 0 
RESTRICCIONES : 0 
NODOS_INICIALES : 1 
NODOS_TERMINO : 1 
LISTA_ARISTAS_REQ : 
uni 31492 31752 151.31 1
uni 31752 31766 148.66 1
uni 31766 31794 77.80 1
uni 31773 31492 136.74 1
uni 31793 31773 113.37 1
uni 31794 31809 159.26 1
uni 31809 31826 176.01 1
uni 31818 31793 100.24 1
uni 31826 31818 144.61 1
uni 31829 31818 151.47 1
uni 31849 31829 68.45 1
uni 31871 31849 193.63 1
uni 31886 31837 103.94 1
uni 48797 31871 93.03 1
uni 31818 31995 94.92 1
uni 31905 31892 161.23 1
uni 31947 31886 135.03 1
uni 31951 31905 97.13 1
uni 31965 31951 110.09 1
uni 31837 31972 134.67 1
uni 31983 31965 103.35 1
uni 31972 31983 160.00 1
uni 31991 31837 149.80 1
uni 31995 32005 101.17 1
uni 32004 31991 141.72 1
uni 32005 32004 105.37 1
uni 32006 31947 142.13 1
uni 32057 32006 108.37 1
uni 32144 32057 211.51 1
uni 31837 32165 110.43 1
uni 32211 32144 49.63 1
uni 32165 32253 63.10 1
uni 32288 32211 90.55 1
uni 32353 32288 117.35 1
uni 32518 32353 130.42 1
uni 32253 32518 44.78 1
uni 32619 32518 108.98 1
uni 32709 32619 128.49 1
uni 32518 32733 85.51 1
uni 32815 32735 80.36 1
uni 32885 32709 52.51 1
uni 32733 32885 122.28 1
uni 32887 32815 96.70 1
uni 32887 47103 119.60 1
bi 32735 47103 88.31 1
uni 31892 48797 95.66 1
bi 31833 31492 77.88 1
bi 31840 31794 131.40 1
bi 31850 31818 54.16 1
bi 31840 31850 135.14 1
bi 31853 31752 82.44 1
bi 31833 31853 138.06 1
bi 31902 31840 137.78 1
bi 31913 31850 152.78 1
bi 31902 31913 159.97 1
bi 31920 51511 81.25 1
bi 31930 31995 195.47 1
bi 31913 31930 138.75 1
bi 31931 31853 108.54 1
bi 31920 31931 96.60 1
bi 31936 31920 103.16 1
bi 31937 31766 88.84 1
bi 31931 31937 99.81 1
bi 31941 31902 58.27 1
bi 31937 31941 135.28 1
bi 31973 31941 51.46 1
bi 31973 31982 177.12 1
bi 31981 31913 99.39 1
bi 31982 31981 86.64 1
bi 31984 31833 120.71 1
bi 31994 31930 163.88 1
bi 31981 31994 122.29 1
bi 32011 31931 180.53 1
bi 31984 32011 146.80 1
bi 32035 31973 141.49 1
bi 32041 31982 202.57 1
bi 32035 32041 177.18 1
bi 32044 31981 110.22 1
bi 32041 32044 172.83 1
bi 32046 31994 109.36 1
bi 32044 32046 128.77 1
bi 32068 32011 73.79 1
bi 32072 31937 185.09 1
bi 32068 32072 71.67 1
bi 32086 32035 146.00 1
bi 32072 32086 81.24 1
bi 32095 32041 113.93 1
bi 32086 32095 113.13 1
bi 32101 32044 148.05 1
bi 32095 32101 143.03 1
bi 32106 32005 96.39 1
bi 32107 32046 4.84 1
bi 32101 32107 72.01 1
bi 32119 32004 92.67 1
bi 32106 32119 64.92 1
bi 32125 31984 74.60 1
bi 32136 31991 133.83 1
bi 32119 32136 132.85 1
bi 32138 32068 122.25 1
bi 32139 32138 107.92 1
bi 32148 51522 82.37 1
bi 32136 32148 52.54 1
bi 32148 32165 183.44 1
bi 32166 32086 123.84 1
bi 32173 32095 155.98 1
bi 32166 32173 149.50 1
bi 32177 32101 90.30 1
bi 32173 32177 181.00 1
bi 32188 32107 168.69 1
bi 32177 32188 195.01 1
bi 32199 32106 158.04 1
bi 32216 32256 145.52 1
bi 32217 32139 155.23 1
bi 32226 32138 47.62 1
bi 32217 32226 128.95 1
bi 32240 32072 92.39 1
bi 32243 32166 151.49 1
bi 32240 32243 158.11 1
bi 32243 32248 132.32 1
bi 32247 32173 76.91 1
bi 32248 32247 154.20 1
bi 32199 32253 127.54 1
bi 32255 32199 123.72 1
bi 32256 32255 107.38 1
bi 32263 32177 124.46 1
bi 32247 32263 144.32 1
bi 32263 32271 134.87 1
bi 32270 32188 76.35 1
bi 32271 32270 112.66 1
bi 32303 32217 151.57 1
bi 32304 51531 113.20 1
bi 32303 32304 135.54 1
bi 32308 51533 119.75 1
bi 32311 32226 40.95 1
bi 32308 32311 91.22 1
bi 32314 32304 137.29 1
bi 32317 32308 153.45 1
bi 32323 32248 69.20 1
bi 32332 32263 95.33 1
bi 32323 32332 76.20 1
bi 32341 32271 111.81 1
bi 32332 32341 52.00 1
bi 32344 32270 86.49 1
bi 32341 32344 127.84 1
bi 32393 32303 149.61 1
bi 32405 32311 111.92 1
bi 32393 32405 90.30 1
bi 32408 32240 192.88 1
bi 32405 32408 107.49 1
bi 32409 32243 133.91 1
bi 32408 32409 103.23 1
bi 32413 32323 127.41 1
bi 32409 32413 93.38 1
bi 32413 32421 162.97 1
bi 32420 32332 51.04 1
bi 32421 32420 91.21 1
bi 32420 32425 108.95 1
bi 32424 32341 56.18 1
bi 32425 32424 135.33 1
bi 32430 32344 95.20 1
bi 32424 32430 118.23 1
bi 32434 32256 138.29 1
bi 32430 32434 124.24 1
bi 32440 51539 117.09 1
bi 32434 32440 137.40 1
bi 32449 51540 130.04 1
bi 32440 32449 57.63 1
bi 32460 32255 74.13 1
bi 32449 32460 110.43 1
bi 32460 32490 176.75 1
bi 32475 32393 94.85 1
bi 32481 51542 154.89 1
bi 32475 32481 117.07 1
bi 32482 51543 93.92 1
bi 32485 32405 124.53 1
bi 32482 32485 115.71 1
bi 32490 32501 194.28 1
bi 32494 32481 88.19 1
bi 32496 32482 120.76 1
bi 32497 32421 133.96 1
bi 32501 32519 113.91 1
bi 32506 32420 162.57 1
bi 32497 32506 191.08 1
bi 32513 32424 136.65 1
bi 32517 32430 107.85 1
bi 32513 32517 119.50 1
bi 32519 32518 144.98 1
bi 32554 32475 163.68 1
bi 32554 32560 102.61 1
bi 32559 32485 155.19 1
bi 32560 32559 62.93 1
bi 32562 32408 107.46 1
bi 32559 32562 64.02 1
bi 32565 32409 143.21 1
bi 32562 32565 58.46 1
bi 32569 32413 114.55 1
bi 32565 32569 189.22 1
bi 32574 32497 109.68 1
bi 32569 32574 97.05 1
bi 32583 32506 197.99 1
bi 32574 32583 145.75 1
bi 32585 32425 148.62 1
bi 32583 32585 163.91 1
bi 32591 32513 43.52 1
bi 32585 32591 99.95 1
bi 32603 32517 105.02 1
bi 32591 32603 83.12 1
bi 32657 32490 106.58 1
bi 32658 32657 59.92 1
bi 32657 51553 116.77 1
bi 32660 32565 85.47 1
bi 32668 32574 143.42 1
bi 32660 32668 111.20 1
bi 32672 32583 124.38 1
bi 32668 32672 132.25 1
bi 32673 32434 114.01 1
bi 32676 32519 53.91 1
bi 32677 32676 168.69 1
bi 32678 32591 112.70 1
bi 32672 32678 53.58 1
bi 32676 51556 167.24 1
bi 32684 32603 121.47 1
bi 32678 32684 100.31 1
bi 32700 32460 89.36 1
bi 32673 32700 73.63 1
bi 32700 32719 79.10 1
bi 32718 32501 128.38 1
bi 32719 32718 129.13 1
bi 32718 32734 45.32 1
bi 32722 32562 125.58 1
bi 32724 32660 94.24 1
bi 32722 32724 98.93 1
bi 32729 32722 63.99 1
bi 32729 32559 73.97 1
bi 32734 32733 139.19 1
bi 32735 32554 73.67 1
bi 32739 32668 47.65 1
bi 32724 32739 114.55 1
bi 32740 32560 126.77 1
bi 32735 32740 132.49 1
bi 32740 32729 206.69 1
bi 32742 32672 103.08 1
bi 32739 32742 150.52 1
bi 32746 32678 144.85 1
bi 32742 32746 72.57 1
bi 32751 32684 84.88 1
bi 32746 32751 56.22 1
bi 32763 32722 34.30 1
bi 32769 32739 90.65 1
bi 32773 51563 121.63 1
bi 32776 32700 176.49 1
bi 32777 32776 85.05 1
bi 32794 51566 114.51 1
bi 32811 51567 84.13 1
bi 32811 32729 155.00 1
bi 32812 51563 145.78 1
bi 32819 32742 24.35 1
bi 32812 32819 152.14 1
bi 32815 32811 115.15 1
bi 32823 51566 94.62 1
bi 32826 32751 86.55 1
bi 32823 32826 25.80 1
bi 32850 32773 144.07 1
bi 32852 32812 112.58 1
bi 32850 32852 92.63 1
bi 32858 32794 74.40 1
bi 32860 32823 122.94 1
bi 32858 32860 62.82 1
bi 32892 32811 41.99 1
bi 32887 32892 134.52 1
bi 32895 51567 104.80 1
bi 32892 32895 125.15 1
bi 32896 32885 141.92 1
bi 32896 32734 121.93 1
bi 32897 32724 131.76 1
bi 32895 32897 149.71 1
bi 32901 32852 102.92 1
bi 32897 32901 115.92 1
bi 32902 32896 83.32 1
bi 32902 32719 138.58 1
bi 32910 32819 162.64 1
bi 32901 32910 34.68 1
bi 32912 32902 88.14 1
bi 32912 32776 76.62 1
bi 32913 32860 160.61 1
bi 32910 32913 107.94 1
bi 32917 32826 109.49 1
bi 32913 32917 87.16 1
bi 32917 32912 108.59 1
bi 32440 52814 103.32 1
bi 32125 32139 180.38 1
bi 31995 48797 111.62 1
bi 48797 31995 130.14 1
LISTA_ARISTAS_NOREQ :
CORDENADAS_NODOS :
1 1
1 1
1 1
1 1
1 1
1 1
1 1
1 1
1 1
1 1
1 1
1 1
1 1
1 1
1 1
1 1
1 1
1 1
1 1
1 1
1 1
1 1
1 1
1 1
1 1
1 1
1 1
1 1
1 1
1 1
1 1
1 1
1 1
1 1
1 1
1 1
1 1
1 1
1 1
1 1
1 1
1 1
1 1
1 1
1 1
1 1
1 1
1 1
1 1
1 1
1 1
1 1
1 1
1 1
1 1
1 1
1 1
1 1
1 1
1 1
1 1
1 1
1 1
1 1
1 1
1 1
1 1
1 1
1 1
1 1
1 1
1 1
1 1
1 1
1 1
1 1
1 1
1 1
1 1
1 1
1 1
1 1
1 1
1 1
1 1
1 1
1 1
1 1
1 1
1 1
1 1
1 1
1 1
1 1
1 1
1 1
1 1
1 1
1 1
1 1
1 1
1 1
1 1
1 1
1 1
1 1
1 1
1 1
1 1
1 1
1 1
1 1
1 1
1 1
1 1
1 1
1 1
1 1
1 1
1 1
1 1
1 1
1 1
1 1
1 1
1 1
1 1
1 1
1 1
1 1
1 1
1 1
1 1
1 1
1 1
1 1
1 1
1 1
1 1
1 1
1 1
1 1
1 1
1 1
1 1
1 1
1 1
1 1
1 1
1 1
1 1
1 1
1 1
1 1
1 1
1 1
1 1
1 1
1 1
1 1
1 1
1 1
1 1
1 1
1 1
1 1
1 1
1 1
1 1
1 1
1 1
1 1
1 1
1 1
1 1
1 1
1 1
1 1
1 1
1 1
1 1
1 1
1 1
1 1
1 1
1 1
1 1
1 1
1 1
1 1
1 1
1 1
1 1
1 1
1 1
1 1
1 1
1 1
1 1
1 1
1 1
1 1
1 1
1 1
RESTRICCIONES :
NODOS_INICIALES:
31837
NODOS_TERMINO:
31492