NOMBRE : Renca Mediano
COMENTARIO : Caso real 2
VERTICES : 76
ARISTAS_REQ : 92
ARISTAS_NOREQ : 0
RESTRICCIONES : 0
NODOS_INICIALES : 1
NODOS_TERMINO : 1
LISTA_ARISTAS_REQ : 
uni 31886 31837 193.20 0
uni 31905 31892 193.20 0
uni 31947 31886 178.53 0
uni 31951 31905 193.20 0
uni 31965 31951 193.20 0
uni 31837 31972 73.61 0
uni 31983 31965 109.46 0
uni 31972 31983 61.80 0
uni 31991 31837 193.20 0
uni 31995 32005 134.21 0
uni 32004 31991 193.20 0
uni 32005 32004 193.20 0
uni 32006 31947 193.20 0
uni 32057 32006 129.64 0
uni 32144 32057 88.93 0
uni 31837 32165 119.46 0
uni 32211 32144 193.20 0
uni 32165 32253 170.73 0
uni 32288 32211 123.01 0
uni 32353 32288 101.73 0
uni 32518 32353 120.32 0
uni 32253 32518 167.58 0
uni 32619 32518 32.77 0
uni 32709 32619 120.02 0
uni 32518 32733 172.09 0
uni 32885 32709 49.44 0
uni 32733 32885 33.21 0
uni 31892 48797 193.20 0
bi 31930 31995 193.20 0
bi 31994 31930 63.59 0
bi 32046 31994 193.20 0
bi 32106 32005 73.87 0
bi 32107 32046 193.20 0
bi 32119 32004 148.94 0
bi 32106 32119 193.20 0
bi 32136 31991 59.03 0
bi 32119 32136 53.06 0
bi 32148 51522 193.20 0
bi 32136 32148 130.20 0
bi 32148 32165 49.65 0
bi 32188 32107 193.20 0
bi 32199 32106 193.20 0
bi 32216 32256 193.20 0
bi 32199 32253 193.20 0
bi 32255 32199 113.96 0
bi 32256 32255 67.50 0
bi 32270 32188 134.95 0
bi 32344 32270 193.20 0
bi 32430 32344 193.20 0
bi 32434 32256 190.54 0
bi 32430 32434 146.76 0
bi 32440 51539 193.20 0
bi 32434 32440 193.20 0
bi 32449 51540 183.20 0
bi 32440 32449 193.20 0
bi 32460 32255 145.89 0
bi 32449 32460 17.22 0
bi 32460 32490 93.32 0
bi 32490 32501 193.20 0
bi 32501 32519 112.82 0
bi 32517 32430 90.31 0
bi 32519 32518 53.53 0
bi 32603 32517 142.13 0
bi 32657 32490 193.20 0
bi 32658 32657 101.57 0
bi 32657 51553 193.20 0
bi 32673 32434 193.20 0
bi 32676 32519 192.24 0
bi 32677 32676 193.20 0
bi 32676 51556 113.86 0
bi 32684 32603 193.20 0
bi 32700 32460 57.41 0
bi 32673 32700 193.20 0
bi 32700 32719 193.20 0
bi 32718 32501 193.20 0
bi 32719 32718 193.20 0
bi 32718 32734 89.01 0
bi 32734 32733 188.12 0
bi 32751 32684 92.62 0
bi 32776 32700 193.20 0
bi 32777 32776 118.01 0
bi 32826 32751 193.20 0
bi 32896 32885 90.19 0
bi 32896 32734 193.20 0
bi 32902 32896 60.94 0
bi 32902 32719 80.84 0
bi 32912 32902 193.20 0
bi 32912 32776 46.87 0
bi 32917 32826 193.20 0
bi 32917 32912 193.20 0
bi 32440 52814 193.20 0
bi 31995 48797 70.58 0
LISTA_ARISTAS_NOREQ : 
CORDENADAS_NODOS :  
uni 31886 31837 24.24
uni 31905 31892 47.06
uni 31947 31886 32.86
uni 31951 31905 74.03
uni 31965 31951 48.11
uni 31837 31972 152.08
uni 31983 31965 41.36
uni 31972 31983 41.63
uni 31991 31837 149.58
uni 31995 32005 193.20
uni 31886 31837 24.24
uni 31905 31892 47.06
uni 31947 31886 32.86
uni 31951 31905 74.03
uni 31965 31951 48.11
uni 31837 31972 152.08
uni 31983 31965 41.36
uni 31972 31983 41.63
uni 31991 31837 149.58
uni 31995 32005 193.20
uni 31886 31837 24.24
uni 31905 31892 47.06
uni 31947 31886 32.86
uni 31951 31905 74.03
uni 31965 31951 48.11
uni 31837 31972 152.08
uni 31983 31965 41.36
uni 31972 31983 41.63
uni 31991 31837 149.58
uni 31995 32005 193.20
uni 31886 31837 24.24
uni 31905 31892 47.06
uni 31947 31886 32.86
uni 31951 31905 74.03
uni 31965 31951 48.11
uni 31837 31972 152.08
uni 31983 31965 41.36
uni 31972 31983 41.63
uni 31991 31837 149.58
uni 31995 32005 193.20
uni 31886 31837 24.24
uni 31905 31892 47.06
uni 31947 31886 32.86
uni 31951 31905 74.03
uni 31965 31951 48.11
uni 31837 31972 152.08
uni 31983 31965 41.36
uni 31972 31983 41.63
uni 31991 31837 149.58
uni 31995 32005 193.20
uni 31886 31837 24.24
uni 31905 31892 47.06
uni 31947 31886 32.86
uni 31951 31905 74.03
uni 31965 31951 48.11
uni 31837 31972 152.08
uni 31983 31965 41.36
uni 31972 31983 41.63
uni 31991 31837 149.58
uni 31995 32005 193.20
uni 31886 31837 24.24
uni 31905 31892 47.06
uni 31947 31886 32.86
uni 31951 31905 74.03
uni 31965 31951 48.11
uni 31965 31951 48.11
uni 31837 31972 152.08
uni 31983 31965 41.36
uni 31972 31983 41.63
uni 31991 31837 149.58
uni 31995 32005 193.20
uni 31837 31972 152.08
uni 31983 31965 41.36
uni 31972 31983 41.63
uni 31991 31837 149.58
uni 31995 32005 193.20
RESTRICCIONES :
NODOS_INICIALES:
31837
NODOS_TERMINO:
31965