NOMBRE : Renca Mediano
COMENTARIO : Caso real 2
VERTICES : 76
ARISTAS_REQ : 92
ARISTAS_NOREQ : 0
RESTRICCIONES : 0
NODOS_INICIALES : 1
NODOS_TERMINO : 1
LISTA_ARISTAS_REQ : 
uni 31886 31837 142.79 0
uni 31905 31892 193.20 0
uni 31947 31886 105.98 0
uni 31951 31905 193.20 0
uni 31965 31951 15.73 0
uni 31837 31972 35.86 0
uni 31983 31965 193.20 0
uni 31972 31983 117.26 0
uni 31991 31837 193.20 0
uni 31995 32005 40.14 0
uni 32004 31991 127.85 0
uni 32005 32004 87.60 0
uni 32006 31947 108.18 0
uni 32057 32006 170.59 0
uni 32144 32057 127.50 0
uni 31837 32165 11.42 0
uni 32211 32144 159.56 0
uni 32165 32253 193.20 0
uni 32288 32211 193.20 0
uni 32353 32288 22.12 0
uni 32518 32353 115.93 0
uni 32253 32518 177.32 0
uni 32619 32518 193.20 0
uni 32709 32619 140.62 0
uni 32518 32733 80.72 0
uni 32885 32709 193.20 0
uni 32733 32885 49.83 0
uni 31892 48797 98.15 0
bi 31930 31995 182.84 0
bi 31994 31930 72.47 0
bi 32046 31994 11.42 0
bi 32106 32005 193.20 0
bi 32107 32046 37.59 0
bi 32119 32004 193.20 0
bi 32106 32119 64.47 0
bi 32136 31991 131.93 0
bi 32119 32136 193.20 0
bi 32148 51522 145.95 0
bi 32136 32148 193.20 0
bi 32148 32165 142.58 0
bi 32188 32107 93.45 0
bi 32199 32106 117.08 0
bi 32216 32256 193.20 0
bi 32199 32253 192.64 0
bi 32255 32199 163.42 0
bi 32256 32255 193.20 0
bi 32270 32188 193.20 0
bi 32344 32270 148.32 0
bi 32430 32344 193.20 0
bi 32434 32256 30.43 0
bi 32430 32434 193.20 0
bi 32440 51539 100.71 0
bi 32434 32440 193.20 0
bi 32449 51540 91.85 0
bi 32440 32449 74.31 0
bi 32460 32255 183.76 0
bi 32449 32460 193.20 0
bi 32460 32490 193.20 0
bi 32490 32501 193.20 0
bi 32501 32519 48.51 0
bi 32517 32430 193.20 0
bi 32519 32518 88.24 0
bi 32603 32517 193.20 0
bi 32657 32490 193.20 0
bi 32658 32657 144.75 0
bi 32657 51553 164.11 0
bi 32673 32434 193.20 0
bi 32676 32519 42.79 0
bi 32677 32676 193.20 0
bi 32676 51556 91.06 0
bi 32684 32603 87.28 0
bi 32700 32460 193.20 0
bi 32673 32700 193.20 0
bi 32700 32719 193.20 0
bi 32718 32501 52.43 0
bi 32719 32718 108.09 0
bi 32718 32734 193.20 0
bi 32734 32733 57.43 0
bi 32751 32684 193.20 0
bi 32776 32700 193.20 0
bi 32777 32776 193.20 0
bi 32826 32751 177.32 0
bi 32896 32885 193.20 0
bi 32896 32734 128.74 0
bi 32902 32896 130.30 0
bi 32902 32719 72.18 0
bi 32912 32902 59.10 0
bi 32912 32776 44.97 0
bi 32917 32826 193.20 0
bi 32917 32912 70.75 0
bi 32440 52814 184.29 0
bi 31995 48797 96.07 0
LISTA_ARISTAS_NOREQ : 
CORDENADAS_NODOS :  
uni 31886 31837 24.24
uni 31905 31892 47.06
uni 31947 31886 32.86
uni 31951 31905 74.03
uni 31965 31951 48.11
uni 31837 31972 152.08
uni 31983 31965 41.36
uni 31972 31983 41.63
uni 31991 31837 149.58
uni 31995 32005 193.20
uni 31886 31837 24.24
uni 31905 31892 47.06
uni 31947 31886 32.86
uni 31951 31905 74.03
uni 31965 31951 48.11
uni 31837 31972 152.08
uni 31983 31965 41.36
uni 31972 31983 41.63
uni 31991 31837 149.58
uni 31995 32005 193.20
uni 31886 31837 24.24
uni 31905 31892 47.06
uni 31947 31886 32.86
uni 31951 31905 74.03
uni 31965 31951 48.11
uni 31837 31972 152.08
uni 31983 31965 41.36
uni 31972 31983 41.63
uni 31991 31837 149.58
uni 31995 32005 193.20
uni 31886 31837 24.24
uni 31905 31892 47.06
uni 31947 31886 32.86
uni 31951 31905 74.03
uni 31965 31951 48.11
uni 31837 31972 152.08
uni 31983 31965 41.36
uni 31972 31983 41.63
uni 31991 31837 149.58
uni 31995 32005 193.20
uni 31886 31837 24.24
uni 31905 31892 47.06
uni 31947 31886 32.86
uni 31951 31905 74.03
uni 31965 31951 48.11
uni 31837 31972 152.08
uni 31983 31965 41.36
uni 31972 31983 41.63
uni 31991 31837 149.58
uni 31995 32005 193.20
uni 31886 31837 24.24
uni 31905 31892 47.06
uni 31947 31886 32.86
uni 31951 31905 74.03
uni 31965 31951 48.11
uni 31837 31972 152.08
uni 31983 31965 41.36
uni 31972 31983 41.63
uni 31991 31837 149.58
uni 31995 32005 193.20
uni 31886 31837 24.24
uni 31905 31892 47.06
uni 31947 31886 32.86
uni 31951 31905 74.03
uni 31965 31951 48.11
uni 31965 31951 48.11
uni 31837 31972 152.08
uni 31983 31965 41.36
uni 31972 31983 41.63
uni 31991 31837 149.58
uni 31995 32005 193.20
uni 31837 31972 152.08
uni 31983 31965 41.36
uni 31972 31983 41.63
uni 31991 31837 149.58
uni 31995 32005 193.20
RESTRICCIONES :
NODOS_INICIALES:
31837
NODOS_TERMINO:
31965