NOMBRE : Renca Mediano
COMENTARIO : Caso real 2
VERTICES : 76
ARISTAS_REQ : 92
ARISTAS_NOREQ : 0
RESTRICCIONES : 0
NODOS_INICIALES : 1
NODOS_TERMINO : 1
LISTA_ARISTAS_REQ : 
uni 31886 31837 149.42 0
uni 31905 31892 105.40 0
uni 31947 31886 92.62 0
uni 31951 31905 60.26 0
uni 31965 31951 121.30 0
uni 31837 31972 99.62 0
uni 31983 31965 53.31 0
uni 31972 31983 77.97 0
uni 31991 31837 159.74 0
uni 31995 32005 71.62 0
uni 32004 31991 139.43 0
uni 32005 32004 154.25 0
uni 32006 31947 129.56 0
uni 32057 32006 66.42 0
uni 32144 32057 86.75 0
uni 31837 32165 88.82 0
uni 32211 32144 123.38 0
uni 32165 32253 117.48 0
uni 32288 32211 107.26 0
uni 32353 32288 86.77 0
uni 32518 32353 48.04 0
uni 32253 32518 104.91 0
uni 32619 32518 114.94 0
uni 32709 32619 181.87 0
uni 32518 32733 107.53 0
uni 32885 32709 96.81 0
uni 32733 32885 78.82 0
uni 31892 48797 84.22 0
bi 31930 31995 87.94 0
bi 31994 31930 125.99 0
bi 32046 31994 88.17 0
bi 32106 32005 44.55 0
bi 32107 32046 106.60 0
bi 32119 32004 120.89 0
bi 32106 32119 139.72 0
bi 32136 31991 97.08 0
bi 32119 32136 97.10 0
bi 32148 51522 116.14 0
bi 32136 32148 184.40 0
bi 32148 32165 101.26 0
bi 32188 32107 85.86 0
bi 32199 32106 115.07 0
bi 32216 32256 135.56 0
bi 32199 32253 69.18 0
bi 32255 32199 93.14 0
bi 32256 32255 102.18 0
bi 32270 32188 68.90 0
bi 32344 32270 75.10 0
bi 32430 32344 147.63 0
bi 32434 32256 95.61 0
bi 32430 32434 114.35 0
bi 32440 51539 112.90 0
bi 32434 32440 96.70 0
bi 32449 51540 79.48 0
bi 32440 32449 54.42 0
bi 32460 32255 42.03 0
bi 32449 32460 107.73 0
bi 32460 32490 142.27 0
bi 32490 32501 92.50 0
bi 32501 32519 142.98 0
bi 32517 32430 125.03 0
bi 32519 32518 126.59 0
bi 32603 32517 96.18 0
bi 32657 32490 121.49 0
bi 32658 32657 79.12 0
bi 32657 51553 39.36 0
bi 32673 32434 137.99 0
bi 32676 32519 99.59 0
bi 32677 32676 96.73 0
bi 32676 51556 93.12 0
bi 32684 32603 108.11 0
bi 32700 32460 114.66 0
bi 32673 32700 108.70 0
bi 32700 32719 95.07 0
bi 32718 32501 88.06 0
bi 32719 32718 135.99 0
bi 32718 32734 104.82 0
bi 32734 32733 104.72 0
bi 32751 32684 146.22 0
bi 32776 32700 122.48 0
bi 32777 32776 139.31 0
bi 32826 32751 93.22 0
bi 32896 32885 109.07 0
bi 32896 32734 156.96 0
bi 32902 32896 83.68 0
bi 32902 32719 137.70 0
bi 32912 32902 126.37 0
bi 32912 32776 121.53 0
bi 32917 32826 51.70 0
bi 32917 32912 117.35 0
bi 32440 52814 88.18 0
bi 31995 48797 108.26 0
LISTA_ARISTAS_NOREQ : 
CORDENADAS_NODOS :  
uni 31886 31837 24.24
uni 31905 31892 47.06
uni 31947 31886 32.86
uni 31951 31905 74.03
uni 31965 31951 48.11
uni 31837 31972 152.08
uni 31983 31965 41.36
uni 31972 31983 41.63
uni 31991 31837 149.58
uni 31995 32005 193.20
uni 31886 31837 24.24
uni 31905 31892 47.06
uni 31947 31886 32.86
uni 31951 31905 74.03
uni 31965 31951 48.11
uni 31837 31972 152.08
uni 31983 31965 41.36
uni 31972 31983 41.63
uni 31991 31837 149.58
uni 31995 32005 193.20
uni 31886 31837 24.24
uni 31905 31892 47.06
uni 31947 31886 32.86
uni 31951 31905 74.03
uni 31965 31951 48.11
uni 31837 31972 152.08
uni 31983 31965 41.36
uni 31972 31983 41.63
uni 31991 31837 149.58
uni 31995 32005 193.20
uni 31886 31837 24.24
uni 31905 31892 47.06
uni 31947 31886 32.86
uni 31951 31905 74.03
uni 31965 31951 48.11
uni 31837 31972 152.08
uni 31983 31965 41.36
uni 31972 31983 41.63
uni 31991 31837 149.58
uni 31995 32005 193.20
uni 31886 31837 24.24
uni 31905 31892 47.06
uni 31947 31886 32.86
uni 31951 31905 74.03
uni 31965 31951 48.11
uni 31837 31972 152.08
uni 31983 31965 41.36
uni 31972 31983 41.63
uni 31991 31837 149.58
uni 31995 32005 193.20
uni 31886 31837 24.24
uni 31905 31892 47.06
uni 31947 31886 32.86
uni 31951 31905 74.03
uni 31965 31951 48.11
uni 31837 31972 152.08
uni 31983 31965 41.36
uni 31972 31983 41.63
uni 31991 31837 149.58
uni 31995 32005 193.20
uni 31886 31837 24.24
uni 31905 31892 47.06
uni 31947 31886 32.86
uni 31951 31905 74.03
uni 31965 31951 48.11
uni 31965 31951 48.11
uni 31837 31972 152.08
uni 31983 31965 41.36
uni 31972 31983 41.63
uni 31991 31837 149.58
uni 31995 32005 193.20
uni 31837 31972 152.08
uni 31983 31965 41.36
uni 31972 31983 41.63
uni 31991 31837 149.58
uni 31995 32005 193.20
RESTRICCIONES :
NODOS_INICIALES:
31837
NODOS_TERMINO:
31965