NOMBRE : Renca Mediano
COMENTARIO : Caso real 2
VERTICES : 76
ARISTAS_REQ : 92
ARISTAS_NOREQ : 0
RESTRICCIONES : 0
NODOS_INICIALES : 1
NODOS_TERMINO : 1
LISTA_ARISTAS_REQ : 
uni 31886 31837 93.06 0
uni 31905 31892 85.17 0
uni 31947 31886 101.85 0
uni 31951 31905 97.26 0
uni 31965 31951 97.72 0
uni 31837 31972 82.31 0
uni 31983 31965 44.54 0
uni 31972 31983 51.05 0
uni 31991 31837 128.19 0
uni 31995 32005 95.40 0
uni 32004 31991 128.11 0
uni 32005 32004 82.10 0
uni 32006 31947 29.75 0
uni 32057 32006 85.83 0
uni 32144 32057 84.01 0
uni 31837 32165 48.84 0
uni 32211 32144 80.14 0
uni 32165 32253 116.98 0
uni 32288 32211 82.86 0
uni 32353 32288 110.35 0
uni 32518 32353 116.52 0
uni 32253 32518 82.88 0
uni 32619 32518 128.52 0
uni 32709 32619 130.75 0
uni 32518 32733 41.73 0
uni 32885 32709 110.45 0
uni 32733 32885 113.32 0
uni 31892 48797 73.50 0
bi 31930 31995 92.88 0
bi 31994 31930 109.81 0
bi 32046 31994 89.68 0
bi 32106 32005 120.15 0
bi 32107 32046 70.51 0
bi 32119 32004 137.68 0
bi 32106 32119 120.26 0
bi 32136 31991 90.86 0
bi 32119 32136 71.33 0
bi 32148 51522 119.72 0
bi 32136 32148 92.63 0
bi 32148 32165 73.52 0
bi 32188 32107 93.31 0
bi 32199 32106 94.88 0
bi 32216 32256 87.99 0
bi 32199 32253 74.51 0
bi 32255 32199 100.26 0
bi 32256 32255 71.89 0
bi 32270 32188 82.98 0
bi 32344 32270 146.37 0
bi 32430 32344 116.49 0
bi 32434 32256 108.72 0
bi 32430 32434 104.04 0
bi 32440 51539 147.55 0
bi 32434 32440 129.13 0
bi 32449 51540 133.13 0
bi 32440 32449 107.54 0
bi 32460 32255 187.61 0
bi 32449 32460 127.82 0
bi 32460 32490 80.12 0
bi 32490 32501 97.60 0
bi 32501 32519 63.61 0
bi 32517 32430 89.47 0
bi 32519 32518 110.85 0
bi 32603 32517 118.92 0
bi 32657 32490 128.38 0
bi 32658 32657 75.20 0
bi 32657 51553 40.27 0
bi 32673 32434 134.20 0
bi 32676 32519 147.68 0
bi 32677 32676 98.94 0
bi 32676 51556 87.86 0
bi 32684 32603 66.95 0
bi 32700 32460 98.05 0
bi 32673 32700 80.66 0
bi 32700 32719 107.79 0
bi 32718 32501 45.79 0
bi 32719 32718 135.00 0
bi 32718 32734 131.08 0
bi 32734 32733 85.42 0
bi 32751 32684 106.86 0
bi 32776 32700 174.07 0
bi 32777 32776 123.37 0
bi 32826 32751 172.96 0
bi 32896 32885 90.49 0
bi 32896 32734 116.92 0
bi 32902 32896 109.14 0
bi 32902 32719 106.16 0
bi 32912 32902 97.26 0
bi 32912 32776 116.86 0
bi 32917 32826 134.81 0
bi 32917 32912 42.74 0
bi 32440 52814 99.17 0
bi 31995 48797 86.64 0
LISTA_ARISTAS_NOREQ : 
CORDENADAS_NODOS :  
uni 31886 31837 24.24
uni 31905 31892 47.06
uni 31947 31886 32.86
uni 31951 31905 74.03
uni 31965 31951 48.11
uni 31837 31972 152.08
uni 31983 31965 41.36
uni 31972 31983 41.63
uni 31991 31837 149.58
uni 31995 32005 193.20
uni 31886 31837 24.24
uni 31905 31892 47.06
uni 31947 31886 32.86
uni 31951 31905 74.03
uni 31965 31951 48.11
uni 31837 31972 152.08
uni 31983 31965 41.36
uni 31972 31983 41.63
uni 31991 31837 149.58
uni 31995 32005 193.20
uni 31886 31837 24.24
uni 31905 31892 47.06
uni 31947 31886 32.86
uni 31951 31905 74.03
uni 31965 31951 48.11
uni 31837 31972 152.08
uni 31983 31965 41.36
uni 31972 31983 41.63
uni 31991 31837 149.58
uni 31995 32005 193.20
uni 31886 31837 24.24
uni 31905 31892 47.06
uni 31947 31886 32.86
uni 31951 31905 74.03
uni 31965 31951 48.11
uni 31837 31972 152.08
uni 31983 31965 41.36
uni 31972 31983 41.63
uni 31991 31837 149.58
uni 31995 32005 193.20
uni 31886 31837 24.24
uni 31905 31892 47.06
uni 31947 31886 32.86
uni 31951 31905 74.03
uni 31965 31951 48.11
uni 31837 31972 152.08
uni 31983 31965 41.36
uni 31972 31983 41.63
uni 31991 31837 149.58
uni 31995 32005 193.20
uni 31886 31837 24.24
uni 31905 31892 47.06
uni 31947 31886 32.86
uni 31951 31905 74.03
uni 31965 31951 48.11
uni 31837 31972 152.08
uni 31983 31965 41.36
uni 31972 31983 41.63
uni 31991 31837 149.58
uni 31995 32005 193.20
uni 31886 31837 24.24
uni 31905 31892 47.06
uni 31947 31886 32.86
uni 31951 31905 74.03
uni 31965 31951 48.11
uni 31965 31951 48.11
uni 31837 31972 152.08
uni 31983 31965 41.36
uni 31972 31983 41.63
uni 31991 31837 149.58
uni 31995 32005 193.20
uni 31837 31972 152.08
uni 31983 31965 41.36
uni 31972 31983 41.63
uni 31991 31837 149.58
uni 31995 32005 193.20
RESTRICCIONES :
NODOS_INICIALES:
31837
NODOS_TERMINO:
31965