NOMBRE : Renca Mediano
COMENTARIO : Caso real 2
VERTICES : 76
ARISTAS_REQ : 92
ARISTAS_NOREQ : 0
RESTRICCIONES : 0
NODOS_INICIALES : 1
NODOS_TERMINO : 1
LISTA_ARISTAS_REQ : 
uni 31886 31837 74.70 0
uni 31905 31892 123.04 0
uni 31947 31886 67.55 0
uni 31951 31905 150.44 0
uni 31965 31951 115.01 0
uni 31837 31972 117.92 0
uni 31983 31965 104.94 0
uni 31972 31983 125.07 0
uni 31991 31837 104.62 0
uni 31995 32005 131.53 0
uni 32004 31991 166.37 0
uni 32005 32004 151.39 0
uni 32006 31947 119.36 0
uni 32057 32006 25.21 0
uni 32144 32057 89.29 0
uni 31837 32165 107.82 0
uni 32211 32144 81.21 0
uni 32165 32253 116.58 0
uni 32288 32211 83.32 0
uni 32353 32288 74.90 0
uni 32518 32353 100.34 0
uni 32253 32518 77.08 0
uni 32619 32518 80.56 0
uni 32709 32619 72.29 0
uni 32518 32733 83.66 0
uni 32885 32709 77.66 0
uni 32733 32885 62.83 0
uni 31892 48797 142.60 0
bi 31930 31995 132.97 0
bi 31994 31930 168.41 0
bi 32046 31994 76.80 0
bi 32106 32005 63.10 0
bi 32107 32046 128.45 0
bi 32119 32004 140.29 0
bi 32106 32119 116.11 0
bi 32136 31991 100.77 0
bi 32119 32136 117.03 0
bi 32148 51522 83.87 0
bi 32136 32148 133.34 0
bi 32148 32165 132.57 0
bi 32188 32107 101.32 0
bi 32199 32106 103.65 0
bi 32216 32256 159.49 0
bi 32199 32253 62.94 0
bi 32255 32199 72.43 0
bi 32256 32255 105.79 0
bi 32270 32188 121.71 0
bi 32344 32270 89.32 0
bi 32430 32344 120.87 0
bi 32434 32256 100.63 0
bi 32430 32434 109.81 0
bi 32440 51539 106.20 0
bi 32434 32440 152.06 0
bi 32449 51540 108.45 0
bi 32440 32449 162.24 0
bi 32460 32255 107.99 0
bi 32449 32460 55.81 0
bi 32460 32490 131.07 0
bi 32490 32501 98.49 0
bi 32501 32519 126.40 0
bi 32517 32430 92.97 0
bi 32519 32518 126.78 0
bi 32603 32517 127.71 0
bi 32657 32490 85.36 0
bi 32658 32657 118.04 0
bi 32657 51553 76.92 0
bi 32673 32434 115.67 0
bi 32676 32519 133.44 0
bi 32677 32676 100.78 0
bi 32676 51556 102.07 0
bi 32684 32603 102.85 0
bi 32700 32460 120.88 0
bi 32673 32700 97.72 0
bi 32700 32719 129.52 0
bi 32718 32501 51.88 0
bi 32719 32718 78.51 0
bi 32718 32734 100.40 0
bi 32734 32733 143.59 0
bi 32751 32684 114.53 0
bi 32776 32700 163.72 0
bi 32777 32776 140.72 0
bi 32826 32751 57.47 0
bi 32896 32885 84.27 0
bi 32896 32734 139.64 0
bi 32902 32896 65.28 0
bi 32902 32719 72.76 0
bi 32912 32902 51.32 0
bi 32912 32776 141.02 0
bi 32917 32826 145.84 0
bi 32917 32912 92.74 0
bi 32440 52814 94.49 0
bi 31995 48797 49.08 0
LISTA_ARISTAS_NOREQ : 
CORDENADAS_NODOS :  
uni 31886 31837 24.24
uni 31905 31892 47.06
uni 31947 31886 32.86
uni 31951 31905 74.03
uni 31965 31951 48.11
uni 31837 31972 152.08
uni 31983 31965 41.36
uni 31972 31983 41.63
uni 31991 31837 149.58
uni 31995 32005 193.20
uni 31886 31837 24.24
uni 31905 31892 47.06
uni 31947 31886 32.86
uni 31951 31905 74.03
uni 31965 31951 48.11
uni 31837 31972 152.08
uni 31983 31965 41.36
uni 31972 31983 41.63
uni 31991 31837 149.58
uni 31995 32005 193.20
uni 31886 31837 24.24
uni 31905 31892 47.06
uni 31947 31886 32.86
uni 31951 31905 74.03
uni 31965 31951 48.11
uni 31837 31972 152.08
uni 31983 31965 41.36
uni 31972 31983 41.63
uni 31991 31837 149.58
uni 31995 32005 193.20
uni 31886 31837 24.24
uni 31905 31892 47.06
uni 31947 31886 32.86
uni 31951 31905 74.03
uni 31965 31951 48.11
uni 31837 31972 152.08
uni 31983 31965 41.36
uni 31972 31983 41.63
uni 31991 31837 149.58
uni 31995 32005 193.20
uni 31886 31837 24.24
uni 31905 31892 47.06
uni 31947 31886 32.86
uni 31951 31905 74.03
uni 31965 31951 48.11
uni 31837 31972 152.08
uni 31983 31965 41.36
uni 31972 31983 41.63
uni 31991 31837 149.58
uni 31995 32005 193.20
uni 31886 31837 24.24
uni 31905 31892 47.06
uni 31947 31886 32.86
uni 31951 31905 74.03
uni 31965 31951 48.11
uni 31837 31972 152.08
uni 31983 31965 41.36
uni 31972 31983 41.63
uni 31991 31837 149.58
uni 31995 32005 193.20
uni 31886 31837 24.24
uni 31905 31892 47.06
uni 31947 31886 32.86
uni 31951 31905 74.03
uni 31965 31951 48.11
uni 31965 31951 48.11
uni 31837 31972 152.08
uni 31983 31965 41.36
uni 31972 31983 41.63
uni 31991 31837 149.58
uni 31995 32005 193.20
uni 31837 31972 152.08
uni 31983 31965 41.36
uni 31972 31983 41.63
uni 31991 31837 149.58
uni 31995 32005 193.20
RESTRICCIONES :
NODOS_INICIALES:
31837
NODOS_TERMINO:
31965