NOMBRE : Instancia real grande
COMENTARIO : caso real 
VERTICES : 204 
ARISTAS_REQ : 293
ARISTAS_NOREQ : 0 
RESTRICCIONES : 0 
NODOS_INICIALES : 1 
NODOS_TERMINO : 1 
LISTA_ARISTAS_REQ : 
uni 31492 31752 71.39 1
uni 31752 31766 123.98 1
uni 31766 31794 94.86 1
uni 31773 31492 48.24 1
uni 31793 31773 103.75 1
uni 31794 31809 123.99 1
uni 31809 31826 134.15 1
uni 31818 31793 131.25 1
uni 31826 31818 145.14 1
uni 31829 31818 137.02 1
uni 31849 31829 55.13 1
uni 31871 31849 107.37 1
uni 31886 31837 140.02 1
uni 48797 31871 160.01 1
uni 31818 31995 101.56 1
uni 31905 31892 156.51 1
uni 31947 31886 109.76 1
uni 31951 31905 120.70 1
uni 31965 31951 51.22 1
uni 31837 31972 86.25 1
uni 31983 31965 101.34 1
uni 31972 31983 55.33 1
uni 31991 31837 104.15 1
uni 31995 32005 106.45 1
uni 32004 31991 37.89 1
uni 32005 32004 151.03 1
uni 32006 31947 118.66 1
uni 32057 32006 102.35 1
uni 32144 32057 124.38 1
uni 31837 32165 118.18 1
uni 32211 32144 206.73 1
uni 32165 32253 57.66 1
uni 32288 32211 137.69 1
uni 32353 32288 101.70 1
uni 32518 32353 133.12 1
uni 32253 32518 48.68 1
uni 32619 32518 123.06 1
uni 32709 32619 152.94 1
uni 32518 32733 147.36 1
uni 32815 32735 63.06 1
uni 32885 32709 52.97 1
uni 32733 32885 122.76 1
uni 32887 32815 129.87 1
uni 32887 47103 96.86 1
bi 32735 47103 188.44 1
uni 31892 48797 82.21 1
bi 31833 31492 48.89 1
bi 31840 31794 126.94 1
bi 31850 31818 132.29 1
bi 31840 31850 113.91 1
bi 31853 31752 109.41 1
bi 31833 31853 102.74 1
bi 31902 31840 98.95 1
bi 31913 31850 86.86 1
bi 31902 31913 133.49 1
bi 31920 51511 153.80 1
bi 31930 31995 30.83 1
bi 31913 31930 119.31 1
bi 31931 31853 103.27 1
bi 31920 31931 108.14 1
bi 31936 31920 187.12 1
bi 31937 31766 76.53 1
bi 31931 31937 145.35 1
bi 31941 31902 51.53 1
bi 31937 31941 190.29 1
bi 31973 31941 134.51 1
bi 31973 31982 92.49 1
bi 31981 31913 62.31 1
bi 31982 31981 61.53 1
bi 31984 31833 116.88 1
bi 31994 31930 119.70 1
bi 31981 31994 131.29 1
bi 32011 31931 137.89 1
bi 31984 32011 109.74 1
bi 32035 31973 122.79 1
bi 32041 31982 112.95 1
bi 32035 32041 19.05 1
bi 32044 31981 148.44 1
bi 32041 32044 89.69 1
bi 32046 31994 107.39 1
bi 32044 32046 94.76 1
bi 32068 32011 67.97 1
bi 32072 31937 108.64 1
bi 32068 32072 121.80 1
bi 32086 32035 82.22 1
bi 32072 32086 82.68 1
bi 32095 32041 102.86 1
bi 32086 32095 111.42 1
bi 32101 32044 129.84 1
bi 32095 32101 58.26 1
bi 32106 32005 88.04 1
bi 32107 32046 117.51 1
bi 32101 32107 140.55 1
bi 32119 32004 127.68 1
bi 32106 32119 88.07 1
bi 32125 31984 108.24 1
bi 32136 31991 191.32 1
bi 32119 32136 135.05 1
bi 32138 32068 89.89 1
bi 32139 32138 61.05 1
bi 32148 51522 117.90 1
bi 32136 32148 68.10 1
bi 32148 32165 125.40 1
bi 32166 32086 158.49 1
bi 32173 32095 177.55 1
bi 32166 32173 135.59 1
bi 32177 32101 139.14 1
bi 32173 32177 166.52 1
bi 32188 32107 81.63 1
bi 32177 32188 66.06 1
bi 32199 32106 154.98 1
bi 32216 32256 160.44 1
bi 32217 32139 137.98 1
bi 32226 32138 168.18 1
bi 32217 32226 129.54 1
bi 32240 32072 84.50 1
bi 32243 32166 76.20 1
bi 32240 32243 108.93 1
bi 32243 32248 130.76 1
bi 32247 32173 51.83 1
bi 32248 32247 157.31 1
bi 32199 32253 100.29 1
bi 32255 32199 137.19 1
bi 32256 32255 74.84 1
bi 32263 32177 146.50 1
bi 32247 32263 88.55 1
bi 32263 32271 116.44 1
bi 32270 32188 164.44 1
bi 32271 32270 137.38 1
bi 32303 32217 127.30 1
bi 32304 51531 107.13 1
bi 32303 32304 122.92 1
bi 32308 51533 75.74 1
bi 32311 32226 125.92 1
bi 32308 32311 120.72 1
bi 32314 32304 150.60 1
bi 32317 32308 107.85 1
bi 32323 32248 130.18 1
bi 32332 32263 77.75 1
bi 32323 32332 109.24 1
bi 32341 32271 184.11 1
bi 32332 32341 122.59 1
bi 32344 32270 71.94 1
bi 32341 32344 129.47 1
bi 32393 32303 144.38 1
bi 32405 32311 78.30 1
bi 32393 32405 67.65 1
bi 32408 32240 148.93 1
bi 32405 32408 145.83 1
bi 32409 32243 109.60 1
bi 32408 32409 124.90 1
bi 32413 32323 106.90 1
bi 32409 32413 166.26 1
bi 32413 32421 122.79 1
bi 32420 32332 182.07 1
bi 32421 32420 138.21 1
bi 32420 32425 173.13 1
bi 32424 32341 131.94 1
bi 32425 32424 131.94 1
bi 32430 32344 136.37 1
bi 32424 32430 132.72 1
bi 32434 32256 84.51 1
bi 32430 32434 142.25 1
bi 32440 51539 125.67 1
bi 32434 32440 132.06 1
bi 32449 51540 70.39 1
bi 32440 32449 73.58 1
bi 32460 32255 185.11 1
bi 32449 32460 81.71 1
bi 32460 32490 180.89 1
bi 32475 32393 193.54 1
bi 32481 51542 210.39 1
bi 32475 32481 141.16 1
bi 32482 51543 89.75 1
bi 32485 32405 85.92 1
bi 32482 32485 46.29 1
bi 32490 32501 72.05 1
bi 32494 32481 133.38 1
bi 32496 32482 124.85 1
bi 32497 32421 108.25 1
bi 32501 32519 177.09 1
bi 32506 32420 61.55 1
bi 32497 32506 106.71 1
bi 32513 32424 136.82 1
bi 32517 32430 107.94 1
bi 32513 32517 162.81 1
bi 32519 32518 135.90 1
bi 32554 32475 122.34 1
bi 32554 32560 200.12 1
bi 32559 32485 158.51 1
bi 32560 32559 127.98 1
bi 32562 32408 24.35 1
bi 32559 32562 74.98 1
bi 32565 32409 147.24 1
bi 32562 32565 194.78 1
bi 32569 32413 31.59 1
bi 32565 32569 92.80 1
bi 32574 32497 167.25 1
bi 32569 32574 92.14 1
bi 32583 32506 126.06 1
bi 32574 32583 175.25 1
bi 32585 32425 64.16 1
bi 32583 32585 85.28 1
bi 32591 32513 162.85 1
bi 32585 32591 114.74 1
bi 32603 32517 92.54 1
bi 32591 32603 137.14 1
bi 32657 32490 91.56 1
bi 32658 32657 113.57 1
bi 32657 51553 137.63 1
bi 32660 32565 73.56 1
bi 32668 32574 111.67 1
bi 32660 32668 122.21 1
bi 32672 32583 104.92 1
bi 32668 32672 173.62 1
bi 32673 32434 80.44 1
bi 32676 32519 129.83 1
bi 32677 32676 79.83 1
bi 32678 32591 47.68 1
bi 32672 32678 125.23 1
bi 32676 51556 125.97 1
bi 32684 32603 107.87 1
bi 32678 32684 50.68 1
bi 32700 32460 145.39 1
bi 32673 32700 88.61 1
bi 32700 32719 84.60 1
bi 32718 32501 115.25 1
bi 32719 32718 123.27 1
bi 32718 32734 46.33 1
bi 32722 32562 118.26 1
bi 32724 32660 66.83 1
bi 32722 32724 145.72 1
bi 32729 32722 128.64 1
bi 32729 32559 92.94 1
bi 32734 32733 127.42 1
bi 32735 32554 91.26 1
bi 32739 32668 112.70 1
bi 32724 32739 143.63 1
bi 32740 32560 56.08 1
bi 32735 32740 105.52 1
bi 32740 32729 108.48 1
bi 32742 32672 75.78 1
bi 32739 32742 83.05 1
bi 32746 32678 88.85 1
bi 32742 32746 110.46 1
bi 32751 32684 95.03 1
bi 32746 32751 159.20 1
bi 32763 32722 176.26 1
bi 32769 32739 74.13 1
bi 32773 51563 91.34 1
bi 32776 32700 132.61 1
bi 32777 32776 87.60 1
bi 32794 51566 127.42 1
bi 32811 51567 126.90 1
bi 32811 32729 131.28 1
bi 32812 51563 75.39 1
bi 32819 32742 11.36 1
bi 32812 32819 135.43 1
bi 32815 32811 137.59 1
bi 32823 51566 141.13 1
bi 32826 32751 166.01 1
bi 32823 32826 146.80 1
bi 32850 32773 145.12 1
bi 32852 32812 81.57 1
bi 32850 32852 105.50 1
bi 32858 32794 140.58 1
bi 32860 32823 150.30 1
bi 32858 32860 110.48 1
bi 32892 32811 115.26 1
bi 32887 32892 87.37 1
bi 32895 51567 50.06 1
bi 32892 32895 172.03 1
bi 32896 32885 90.61 1
bi 32896 32734 113.36 1
bi 32897 32724 88.20 1
bi 32895 32897 129.18 1
bi 32901 32852 122.25 1
bi 32897 32901 95.91 1
bi 32902 32896 150.33 1
bi 32902 32719 140.33 1
bi 32910 32819 163.54 1
bi 32901 32910 116.71 1
bi 32912 32902 122.83 1
bi 32912 32776 80.71 1
bi 32913 32860 145.97 1
bi 32910 32913 79.80 1
bi 32917 32826 50.30 1
bi 32913 32917 132.17 1
bi 32917 32912 113.19 1
bi 32440 52814 119.08 1
bi 32125 32139 139.39 1
bi 31995 48797 118.24 1
bi 48797 31995 166.45 1
LISTA_ARISTAS_NOREQ :
CORDENADAS_NODOS :
1 1
1 1
1 1
1 1
1 1
1 1
1 1
1 1
1 1
1 1
1 1
1 1
1 1
1 1
1 1
1 1
1 1
1 1
1 1
1 1
1 1
1 1
1 1
1 1
1 1
1 1
1 1
1 1
1 1
1 1
1 1
1 1
1 1
1 1
1 1
1 1
1 1
1 1
1 1
1 1
1 1
1 1
1 1
1 1
1 1
1 1
1 1
1 1
1 1
1 1
1 1
1 1
1 1
1 1
1 1
1 1
1 1
1 1
1 1
1 1
1 1
1 1
1 1
1 1
1 1
1 1
1 1
1 1
1 1
1 1
1 1
1 1
1 1
1 1
1 1
1 1
1 1
1 1
1 1
1 1
1 1
1 1
1 1
1 1
1 1
1 1
1 1
1 1
1 1
1 1
1 1
1 1
1 1
1 1
1 1
1 1
1 1
1 1
1 1
1 1
1 1
1 1
1 1
1 1
1 1
1 1
1 1
1 1
1 1
1 1
1 1
1 1
1 1
1 1
1 1
1 1
1 1
1 1
1 1
1 1
1 1
1 1
1 1
1 1
1 1
1 1
1 1
1 1
1 1
1 1
1 1
1 1
1 1
1 1
1 1
1 1
1 1
1 1
1 1
1 1
1 1
1 1
1 1
1 1
1 1
1 1
1 1
1 1
1 1
1 1
1 1
1 1
1 1
1 1
1 1
1 1
1 1
1 1
1 1
1 1
1 1
1 1
1 1
1 1
1 1
1 1
1 1
1 1
1 1
1 1
1 1
1 1
1 1
1 1
1 1
1 1
1 1
1 1
1 1
1 1
1 1
1 1
1 1
1 1
1 1
1 1
1 1
1 1
1 1
1 1
1 1
1 1
1 1
1 1
1 1
1 1
1 1
1 1
1 1
1 1
1 1
1 1
1 1
1 1
RESTRICCIONES :
NODOS_INICIALES:
31837
NODOS_TERMINO:
31492