NOMBRE : Renca Mediano
COMENTARIO : Caso real 2
VERTICES : 76
ARISTAS_REQ : 92
ARISTAS_NOREQ : 0
RESTRICCIONES : 0
NODOS_INICIALES : 1
NODOS_TERMINO : 1
LISTA_ARISTAS_REQ : 
uni 31886 31837 90.25 0
uni 31905 31892 41.40 0
uni 31947 31886 193.20 0
uni 31951 31905 131.12 0
uni 31965 31951 137.36 0
uni 31837 31972 80.13 0
uni 31983 31965 193.20 0
uni 31972 31983 163.81 0
uni 31991 31837 150.51 0
uni 31995 32005 54.94 0
uni 32004 31991 193.20 0
uni 32005 32004 193.20 0
uni 32006 31947 193.20 0
uni 32057 32006 193.20 0
uni 32144 32057 191.11 0
uni 31837 32165 193.20 0
uni 32211 32144 184.57 0
uni 32165 32253 193.20 0
uni 32288 32211 88.42 0
uni 32353 32288 131.19 0
uni 32518 32353 128.64 0
uni 32253 32518 193.20 0
uni 32619 32518 25.94 0
uni 32709 32619 193.20 0
uni 32518 32733 79.43 0
uni 32885 32709 193.20 0
uni 32733 32885 193.20 0
uni 31892 48797 46.38 0
bi 31930 31995 43.39 0
bi 31994 31930 97.90 0
bi 32046 31994 121.52 0
bi 32106 32005 187.46 0
bi 32107 32046 193.20 0
bi 32119 32004 193.20 0
bi 32106 32119 27.03 0
bi 32136 31991 71.53 0
bi 32119 32136 193.20 0
bi 32148 51522 15.92 0
bi 32136 32148 134.76 0
bi 32148 32165 92.07 0
bi 32188 32107 193.20 0
bi 32199 32106 54.21 0
bi 32216 32256 193.20 0
bi 32199 32253 147.11 0
bi 32255 32199 85.73 0
bi 32256 32255 51.99 0
bi 32270 32188 193.20 0
bi 32344 32270 193.20 0
bi 32430 32344 91.56 0
bi 32434 32256 42.32 0
bi 32430 32434 129.24 0
bi 32440 51539 193.20 0
bi 32434 32440 193.20 0
bi 32449 51540 193.20 0
bi 32440 32449 193.20 0
bi 32460 32255 96.03 0
bi 32449 32460 114.94 0
bi 32460 32490 193.20 0
bi 32490 32501 178.23 0
bi 32501 32519 193.20 0
bi 32517 32430 193.20 0
bi 32519 32518 171.96 0
bi 32603 32517 85.52 0
bi 32657 32490 61.50 0
bi 32658 32657 127.15 0
bi 32657 51553 193.20 0
bi 32673 32434 175.33 0
bi 32676 32519 61.88 0
bi 32677 32676 168.95 0
bi 32676 51556 86.13 0
bi 32684 32603 164.81 0
bi 32700 32460 158.54 0
bi 32673 32700 193.20 0
bi 32700 32719 70.46 0
bi 32718 32501 193.20 0
bi 32719 32718 193.20 0
bi 32718 32734 51.20 0
bi 32734 32733 52.56 0
bi 32751 32684 155.71 0
bi 32776 32700 148.46 0
bi 32777 32776 193.20 0
bi 32826 32751 116.97 0
bi 32896 32885 185.07 0
bi 32896 32734 97.47 0
bi 32902 32896 193.20 0
bi 32902 32719 193.20 0
bi 32912 32902 52.29 0
bi 32912 32776 141.49 0
bi 32917 32826 193.20 0
bi 32917 32912 193.20 0
bi 32440 52814 162.86 0
bi 31995 48797 24.79 0
LISTA_ARISTAS_NOREQ : 
CORDENADAS_NODOS :  
uni 31886 31837 24.24
uni 31905 31892 47.06
uni 31947 31886 32.86
uni 31951 31905 74.03
uni 31965 31951 48.11
uni 31837 31972 152.08
uni 31983 31965 41.36
uni 31972 31983 41.63
uni 31991 31837 149.58
uni 31995 32005 193.20
uni 31886 31837 24.24
uni 31905 31892 47.06
uni 31947 31886 32.86
uni 31951 31905 74.03
uni 31965 31951 48.11
uni 31837 31972 152.08
uni 31983 31965 41.36
uni 31972 31983 41.63
uni 31991 31837 149.58
uni 31995 32005 193.20
uni 31886 31837 24.24
uni 31905 31892 47.06
uni 31947 31886 32.86
uni 31951 31905 74.03
uni 31965 31951 48.11
uni 31837 31972 152.08
uni 31983 31965 41.36
uni 31972 31983 41.63
uni 31991 31837 149.58
uni 31995 32005 193.20
uni 31886 31837 24.24
uni 31905 31892 47.06
uni 31947 31886 32.86
uni 31951 31905 74.03
uni 31965 31951 48.11
uni 31837 31972 152.08
uni 31983 31965 41.36
uni 31972 31983 41.63
uni 31991 31837 149.58
uni 31995 32005 193.20
uni 31886 31837 24.24
uni 31905 31892 47.06
uni 31947 31886 32.86
uni 31951 31905 74.03
uni 31965 31951 48.11
uni 31837 31972 152.08
uni 31983 31965 41.36
uni 31972 31983 41.63
uni 31991 31837 149.58
uni 31995 32005 193.20
uni 31886 31837 24.24
uni 31905 31892 47.06
uni 31947 31886 32.86
uni 31951 31905 74.03
uni 31965 31951 48.11
uni 31837 31972 152.08
uni 31983 31965 41.36
uni 31972 31983 41.63
uni 31991 31837 149.58
uni 31995 32005 193.20
uni 31886 31837 24.24
uni 31905 31892 47.06
uni 31947 31886 32.86
uni 31951 31905 74.03
uni 31965 31951 48.11
uni 31965 31951 48.11
uni 31837 31972 152.08
uni 31983 31965 41.36
uni 31972 31983 41.63
uni 31991 31837 149.58
uni 31995 32005 193.20
uni 31837 31972 152.08
uni 31983 31965 41.36
uni 31972 31983 41.63
uni 31991 31837 149.58
uni 31995 32005 193.20
RESTRICCIONES :
NODOS_INICIALES:
31837
NODOS_TERMINO:
31965