NOMBRE : Renca Mediano
COMENTARIO : Caso real 2
VERTICES : 76
ARISTAS_REQ : 92
ARISTAS_NOREQ : 0
RESTRICCIONES : 0
NODOS_INICIALES : 1
NODOS_TERMINO : 1
LISTA_ARISTAS_REQ : 
uni 31886 31837 130.12 0
uni 31905 31892 94.41 0
uni 31947 31886 127.45 0
uni 31951 31905 89.60 0
uni 31965 31951 157.57 0
uni 31837 31972 97.44 0
uni 31983 31965 82.88 0
uni 31972 31983 101.39 0
uni 31991 31837 66.56 0
uni 31995 32005 119.52 0
uni 32004 31991 102.12 0
uni 32005 32004 11.48 0
uni 32006 31947 100.61 0
uni 32057 32006 82.22 0
uni 32144 32057 71.09 0
uni 31837 32165 82.86 0
uni 32211 32144 94.11 0
uni 32165 32253 34.55 0
uni 32288 32211 129.77 0
uni 32353 32288 152.89 0
uni 32518 32353 86.86 0
uni 32253 32518 103.63 0
uni 32619 32518 168.10 0
uni 32709 32619 122.56 0
uni 32518 32733 58.44 0
uni 32885 32709 64.00 0
uni 32733 32885 90.57 0
uni 31892 48797 83.57 0
bi 31930 31995 71.93 0
bi 31994 31930 101.24 0
bi 32046 31994 96.66 0
bi 32106 32005 165.95 0
bi 32107 32046 65.79 0
bi 32119 32004 107.15 0
bi 32106 32119 136.62 0
bi 32136 31991 141.18 0
bi 32119 32136 44.92 0
bi 32148 51522 129.52 0
bi 32136 32148 73.26 0
bi 32148 32165 31.58 0
bi 32188 32107 89.90 0
bi 32199 32106 20.42 0
bi 32216 32256 100.72 0
bi 32199 32253 101.39 0
bi 32255 32199 111.56 0
bi 32256 32255 139.51 0
bi 32270 32188 89.85 0
bi 32344 32270 66.64 0
bi 32430 32344 107.27 0
bi 32434 32256 127.99 0
bi 32430 32434 121.52 0
bi 32440 51539 16.74 0
bi 32434 32440 125.17 0
bi 32449 51540 122.01 0
bi 32440 32449 143.71 0
bi 32460 32255 83.74 0
bi 32449 32460 121.34 0
bi 32460 32490 44.45 0
bi 32490 32501 125.12 0
bi 32501 32519 124.09 0
bi 32517 32430 98.81 0
bi 32519 32518 61.39 0
bi 32603 32517 102.41 0
bi 32657 32490 44.05 0
bi 32658 32657 107.64 0
bi 32657 51553 24.41 0
bi 32673 32434 57.95 0
bi 32676 32519 123.27 0
bi 32677 32676 91.93 0
bi 32676 51556 84.59 0
bi 32684 32603 68.87 0
bi 32700 32460 93.61 0
bi 32673 32700 121.78 0
bi 32700 32719 130.95 0
bi 32718 32501 70.35 0
bi 32719 32718 111.34 0
bi 32718 32734 104.13 0
bi 32734 32733 138.31 0
bi 32751 32684 140.67 0
bi 32776 32700 61.21 0
bi 32777 32776 45.78 0
bi 32826 32751 102.43 0
bi 32896 32885 113.56 0
bi 32896 32734 93.82 0
bi 32902 32896 103.28 0
bi 32902 32719 56.64 0
bi 32912 32902 96.25 0
bi 32912 32776 57.74 0
bi 32917 32826 127.75 0
bi 32917 32912 161.16 0
bi 32440 52814 67.16 0
bi 31995 48797 24.35 0
LISTA_ARISTAS_NOREQ : 
CORDENADAS_NODOS :  
uni 31886 31837 24.24
uni 31905 31892 47.06
uni 31947 31886 32.86
uni 31951 31905 74.03
uni 31965 31951 48.11
uni 31837 31972 152.08
uni 31983 31965 41.36
uni 31972 31983 41.63
uni 31991 31837 149.58
uni 31995 32005 193.20
uni 31886 31837 24.24
uni 31905 31892 47.06
uni 31947 31886 32.86
uni 31951 31905 74.03
uni 31965 31951 48.11
uni 31837 31972 152.08
uni 31983 31965 41.36
uni 31972 31983 41.63
uni 31991 31837 149.58
uni 31995 32005 193.20
uni 31886 31837 24.24
uni 31905 31892 47.06
uni 31947 31886 32.86
uni 31951 31905 74.03
uni 31965 31951 48.11
uni 31837 31972 152.08
uni 31983 31965 41.36
uni 31972 31983 41.63
uni 31991 31837 149.58
uni 31995 32005 193.20
uni 31886 31837 24.24
uni 31905 31892 47.06
uni 31947 31886 32.86
uni 31951 31905 74.03
uni 31965 31951 48.11
uni 31837 31972 152.08
uni 31983 31965 41.36
uni 31972 31983 41.63
uni 31991 31837 149.58
uni 31995 32005 193.20
uni 31886 31837 24.24
uni 31905 31892 47.06
uni 31947 31886 32.86
uni 31951 31905 74.03
uni 31965 31951 48.11
uni 31837 31972 152.08
uni 31983 31965 41.36
uni 31972 31983 41.63
uni 31991 31837 149.58
uni 31995 32005 193.20
uni 31886 31837 24.24
uni 31905 31892 47.06
uni 31947 31886 32.86
uni 31951 31905 74.03
uni 31965 31951 48.11
uni 31837 31972 152.08
uni 31983 31965 41.36
uni 31972 31983 41.63
uni 31991 31837 149.58
uni 31995 32005 193.20
uni 31886 31837 24.24
uni 31905 31892 47.06
uni 31947 31886 32.86
uni 31951 31905 74.03
uni 31965 31951 48.11
uni 31965 31951 48.11
uni 31837 31972 152.08
uni 31983 31965 41.36
uni 31972 31983 41.63
uni 31991 31837 149.58
uni 31995 32005 193.20
uni 31837 31972 152.08
uni 31983 31965 41.36
uni 31972 31983 41.63
uni 31991 31837 149.58
uni 31995 32005 193.20
RESTRICCIONES :
NODOS_INICIALES:
31837
NODOS_TERMINO:
31965