NOMBRE : Renca Mediano
COMENTARIO : Caso real 2
VERTICES : 76
ARISTAS_REQ : 92
ARISTAS_NOREQ : 0
RESTRICCIONES : 0
NODOS_INICIALES : 1
NODOS_TERMINO : 1
LISTA_ARISTAS_REQ : 
uni 31886 31837 193.20 0
uni 31905 31892 126.35 0
uni 31947 31886 54.37 0
uni 31951 31905 193.20 0
uni 31965 31951 56.67 0
uni 31837 31972 116.90 0
uni 31983 31965 151.88 0
uni 31972 31983 186.02 0
uni 31991 31837 193.20 0
uni 31995 32005 145.95 0
uni 32004 31991 53.46 0
uni 32005 32004 193.20 0
uni 32006 31947 186.25 0
uni 32057 32006 193.20 0
uni 32144 32057 193.20 0
uni 31837 32165 61.39 0
uni 32211 32144 21.64 0
uni 32165 32253 193.20 0
uni 32288 32211 193.20 0
uni 32353 32288 125.44 0
uni 32518 32353 64.51 0
uni 32253 32518 193.20 0
uni 32619 32518 82.29 0
uni 32709 32619 59.53 0
uni 32518 32733 193.20 0
uni 32885 32709 41.35 0
uni 32733 32885 99.22 0
uni 31892 48797 193.20 0
bi 31930 31995 193.20 0
bi 31994 31930 89.16 0
bi 32046 31994 171.25 0
bi 32106 32005 113.19 0
bi 32107 32046 102.74 0
bi 32119 32004 53.92 0
bi 32106 32119 83.88 0
bi 32136 31991 98.54 0
bi 32119 32136 193.20 0
bi 32148 51522 193.20 0
bi 32136 32148 193.20 0
bi 32148 32165 100.95 0
bi 32188 32107 172.35 0
bi 32199 32106 31.08 0
bi 32216 32256 193.20 0
bi 32199 32253 193.20 0
bi 32255 32199 121.86 0
bi 32256 32255 34.05 0
bi 32270 32188 193.20 0
bi 32344 32270 90.23 0
bi 32430 32344 149.89 0
bi 32434 32256 88.91 0
bi 32430 32434 85.76 0
bi 32440 51539 51.76 0
bi 32434 32440 150.44 0
bi 32449 51540 67.69 0
bi 32440 32449 57.12 0
bi 32460 32255 193.20 0
bi 32449 32460 125.46 0
bi 32460 32490 92.92 0
bi 32490 32501 112.99 0
bi 32501 32519 193.20 0
bi 32517 32430 147.05 0
bi 32519 32518 149.03 0
bi 32603 32517 138.97 0
bi 32657 32490 155.54 0
bi 32658 32657 193.20 0
bi 32657 51553 193.20 0
bi 32673 32434 41.50 0
bi 32676 32519 81.04 0
bi 32677 32676 128.44 0
bi 32676 51556 193.20 0
bi 32684 32603 193.20 0
bi 32700 32460 193.20 0
bi 32673 32700 128.00 0
bi 32700 32719 47.62 0
bi 32718 32501 102.17 0
bi 32719 32718 129.12 0
bi 32718 32734 46.60 0
bi 32734 32733 193.20 0
bi 32751 32684 193.20 0
bi 32776 32700 105.31 0
bi 32777 32776 174.80 0
bi 32826 32751 11.42 0
bi 32896 32885 53.93 0
bi 32896 32734 193.20 0
bi 32902 32896 108.80 0
bi 32902 32719 193.20 0
bi 32912 32902 193.20 0
bi 32912 32776 186.18 0
bi 32917 32826 161.34 0
bi 32917 32912 95.65 0
bi 32440 52814 193.20 0
bi 31995 48797 147.31 0
LISTA_ARISTAS_NOREQ : 
CORDENADAS_NODOS :  
uni 31886 31837 24.24
uni 31905 31892 47.06
uni 31947 31886 32.86
uni 31951 31905 74.03
uni 31965 31951 48.11
uni 31837 31972 152.08
uni 31983 31965 41.36
uni 31972 31983 41.63
uni 31991 31837 149.58
uni 31995 32005 193.20
uni 31886 31837 24.24
uni 31905 31892 47.06
uni 31947 31886 32.86
uni 31951 31905 74.03
uni 31965 31951 48.11
uni 31837 31972 152.08
uni 31983 31965 41.36
uni 31972 31983 41.63
uni 31991 31837 149.58
uni 31995 32005 193.20
uni 31886 31837 24.24
uni 31905 31892 47.06
uni 31947 31886 32.86
uni 31951 31905 74.03
uni 31965 31951 48.11
uni 31837 31972 152.08
uni 31983 31965 41.36
uni 31972 31983 41.63
uni 31991 31837 149.58
uni 31995 32005 193.20
uni 31886 31837 24.24
uni 31905 31892 47.06
uni 31947 31886 32.86
uni 31951 31905 74.03
uni 31965 31951 48.11
uni 31837 31972 152.08
uni 31983 31965 41.36
uni 31972 31983 41.63
uni 31991 31837 149.58
uni 31995 32005 193.20
uni 31886 31837 24.24
uni 31905 31892 47.06
uni 31947 31886 32.86
uni 31951 31905 74.03
uni 31965 31951 48.11
uni 31837 31972 152.08
uni 31983 31965 41.36
uni 31972 31983 41.63
uni 31991 31837 149.58
uni 31995 32005 193.20
uni 31886 31837 24.24
uni 31905 31892 47.06
uni 31947 31886 32.86
uni 31951 31905 74.03
uni 31965 31951 48.11
uni 31837 31972 152.08
uni 31983 31965 41.36
uni 31972 31983 41.63
uni 31991 31837 149.58
uni 31995 32005 193.20
uni 31886 31837 24.24
uni 31905 31892 47.06
uni 31947 31886 32.86
uni 31951 31905 74.03
uni 31965 31951 48.11
uni 31965 31951 48.11
uni 31837 31972 152.08
uni 31983 31965 41.36
uni 31972 31983 41.63
uni 31991 31837 149.58
uni 31995 32005 193.20
uni 31837 31972 152.08
uni 31983 31965 41.36
uni 31972 31983 41.63
uni 31991 31837 149.58
uni 31995 32005 193.20
RESTRICCIONES :
NODOS_INICIALES:
31837
NODOS_TERMINO:
31965