NOMBRE : Instancia real grande
COMENTARIO : caso real 
VERTICES : 204 
ARISTAS_REQ : 293
ARISTAS_NOREQ : 0 
RESTRICCIONES : 0 
NODOS_INICIALES : 1 
NODOS_TERMINO : 1 
LISTA_ARISTAS_REQ : 
uni 31492 31752 197.96 1
uni 31752 31766 222.89 1
uni 31766 31794 155.68 1
uni 31773 31492 132.83 1
uni 31793 31773 126.78 1
uni 31794 31809 222.89 1
uni 31809 31826 222.89 1
uni 31818 31793 185.82 1
uni 31826 31818 207.56 1
uni 31829 31818 134.86 1
uni 31849 31829 140.02 1
uni 31871 31849 222.89 1
uni 31886 31837 188.95 1
uni 48797 31871 213.57 1
uni 31818 31995 222.89 1
uni 31905 31892 222.89 1
uni 31947 31886 222.89 1
uni 31951 31905 211.46 1
uni 31965 31951 222.89 1
uni 31837 31972 222.89 1
uni 31983 31965 56.66 1
uni 31972 31983 222.89 1
uni 31991 31837 222.89 1
uni 31995 32005 222.89 1
uni 32004 31991 217.16 1
uni 32005 32004 137.16 1
uni 32006 31947 222.89 1
uni 32057 32006 189.57 1
uni 32144 32057 222.89 1
uni 31837 32165 84.29 1
uni 32211 32144 194.14 1
uni 32165 32253 31.59 1
uni 32288 32211 222.89 1
uni 32353 32288 162.61 1
uni 32518 32353 46.31 1
uni 32253 32518 222.89 1
uni 32619 32518 188.06 1
uni 32709 32619 124.19 1
uni 32518 32733 222.89 1
uni 32815 32735 222.89 1
uni 32885 32709 212.58 1
uni 32733 32885 50.56 1
uni 32887 32815 47.21 1
uni 32887 47103 49.88 1
bi 32735 47103 222.89 1
uni 31892 48797 222.89 1
bi 31833 31492 222.89 1
bi 31840 31794 168.66 1
bi 31850 31818 70.48 1
bi 31840 31850 40.02 1
bi 31853 31752 222.89 1
bi 31833 31853 79.53 1
bi 31902 31840 222.89 1
bi 31913 31850 201.74 1
bi 31902 31913 159.20 1
bi 31920 51511 17.53 1
bi 31930 31995 222.89 1
bi 31913 31930 154.48 1
bi 31931 31853 222.89 1
bi 31920 31931 222.89 1
bi 31936 31920 222.89 1
bi 31937 31766 210.06 1
bi 31931 31937 222.89 1
bi 31941 31902 222.89 1
bi 31937 31941 214.29 1
bi 31973 31941 32.36 1
bi 31973 31982 168.13 1
bi 31981 31913 79.50 1
bi 31982 31981 222.89 1
bi 31984 31833 76.71 1
bi 31994 31930 123.50 1
bi 31981 31994 30.32 1
bi 32011 31931 222.89 1
bi 31984 32011 218.73 1
bi 32035 31973 156.29 1
bi 32041 31982 222.89 1
bi 32035 32041 87.07 1
bi 32044 31981 222.89 1
bi 32041 32044 222.89 1
bi 32046 31994 222.89 1
bi 32044 32046 137.00 1
bi 32068 32011 207.12 1
bi 32072 31937 222.89 1
bi 32068 32072 138.13 1
bi 32086 32035 123.01 1
bi 32072 32086 222.89 1
bi 32095 32041 222.89 1
bi 32086 32095 186.11 1
bi 32101 32044 186.57 1
bi 32095 32101 36.33 1
bi 32106 32005 222.89 1
bi 32107 32046 117.79 1
bi 32101 32107 164.98 1
bi 32119 32004 163.68 1
bi 32106 32119 181.93 1
bi 32125 31984 222.89 1
bi 32136 31991 66.85 1
bi 32119 32136 222.89 1
bi 32138 32068 49.61 1
bi 32139 32138 161.45 1
bi 32148 51522 110.51 1
bi 32136 32148 138.54 1
bi 32148 32165 222.89 1
bi 32166 32086 222.89 1
bi 32173 32095 125.46 1
bi 32166 32173 184.77 1
bi 32177 32101 222.89 1
bi 32173 32177 74.81 1
bi 32188 32107 164.51 1
bi 32177 32188 222.89 1
bi 32199 32106 161.99 1
bi 32216 32256 55.58 1
bi 32217 32139 70.02 1
bi 32226 32138 203.09 1
bi 32217 32226 83.78 1
bi 32240 32072 194.04 1
bi 32243 32166 137.42 1
bi 32240 32243 222.89 1
bi 32243 32248 99.86 1
bi 32247 32173 222.89 1
bi 32248 32247 222.89 1
bi 32199 32253 222.89 1
bi 32255 32199 222.89 1
bi 32256 32255 66.52 1
bi 32263 32177 94.11 1
bi 32247 32263 133.38 1
bi 32263 32271 196.53 1
bi 32270 32188 32.72 1
bi 32271 32270 222.89 1
bi 32303 32217 210.20 1
bi 32304 51531 216.12 1
bi 32303 32304 100.48 1
bi 32308 51533 93.55 1
bi 32311 32226 222.89 1
bi 32308 32311 127.65 1
bi 32314 32304 74.86 1
bi 32317 32308 162.31 1
bi 32323 32248 221.39 1
bi 32332 32263 222.89 1
bi 32323 32332 137.67 1
bi 32341 32271 222.89 1
bi 32332 32341 94.19 1
bi 32344 32270 222.89 1
bi 32341 32344 222.89 1
bi 32393 32303 222.89 1
bi 32405 32311 222.89 1
bi 32393 32405 67.52 1
bi 32408 32240 153.46 1
bi 32405 32408 222.89 1
bi 32409 32243 222.89 1
bi 32408 32409 114.83 1
bi 32413 32323 169.22 1
bi 32409 32413 174.51 1
bi 32413 32421 222.89 1
bi 32420 32332 65.38 1
bi 32421 32420 222.89 1
bi 32420 32425 222.89 1
bi 32424 32341 77.17 1
bi 32425 32424 206.59 1
bi 32430 32344 181.11 1
bi 32424 32430 222.89 1
bi 32434 32256 220.91 1
bi 32430 32434 69.40 1
bi 32440 51539 124.23 1
bi 32434 32440 165.32 1
bi 32449 51540 146.05 1
bi 32440 32449 202.35 1
bi 32460 32255 174.52 1
bi 32449 32460 37.58 1
bi 32460 32490 113.65 1
bi 32475 32393 130.91 1
bi 32481 51542 189.86 1
bi 32475 32481 157.68 1
bi 32482 51543 95.48 1
bi 32485 32405 222.89 1
bi 32482 32485 84.23 1
bi 32490 32501 120.39 1
bi 32494 32481 222.89 1
bi 32496 32482 222.89 1
bi 32497 32421 173.80 1
bi 32501 32519 114.81 1
bi 32506 32420 185.20 1
bi 32497 32506 222.89 1
bi 32513 32424 187.42 1
bi 32517 32430 222.89 1
bi 32513 32517 222.89 1
bi 32519 32518 222.10 1
bi 32554 32475 222.89 1
bi 32554 32560 92.97 1
bi 32559 32485 73.98 1
bi 32560 32559 78.26 1
bi 32562 32408 85.56 1
bi 32559 32562 41.61 1
bi 32565 32409 222.89 1
bi 32562 32565 180.51 1
bi 32569 32413 133.73 1
bi 32565 32569 222.89 1
bi 32574 32497 222.89 1
bi 32569 32574 111.95 1
bi 32583 32506 222.89 1
bi 32574 32583 222.89 1
bi 32585 32425 53.52 1
bi 32583 32585 222.89 1
bi 32591 32513 111.20 1
bi 32585 32591 222.89 1
bi 32603 32517 124.22 1
bi 32591 32603 222.89 1
bi 32657 32490 219.61 1
bi 32658 32657 43.69 1
bi 32657 51553 222.89 1
bi 32660 32565 222.89 1
bi 32668 32574 129.77 1
bi 32660 32668 61.21 1
bi 32672 32583 38.11 1
bi 32668 32672 94.85 1
bi 32673 32434 222.89 1
bi 32676 32519 222.89 1
bi 32677 32676 48.80 1
bi 32678 32591 222.89 1
bi 32672 32678 112.13 1
bi 32676 51556 222.89 1
bi 32684 32603 45.34 1
bi 32678 32684 91.99 1
bi 32700 32460 124.23 1
bi 32673 32700 80.13 1
bi 32700 32719 182.51 1
bi 32718 32501 44.54 1
bi 32719 32718 222.89 1
bi 32718 32734 222.89 1
bi 32722 32562 222.89 1
bi 32724 32660 186.57 1
bi 32722 32724 48.25 1
bi 32729 32722 24.09 1
bi 32729 32559 222.89 1
bi 32734 32733 103.18 1
bi 32735 32554 204.28 1
bi 32739 32668 222.89 1
bi 32724 32739 151.97 1
bi 32740 32560 222.89 1
bi 32735 32740 222.89 1
bi 32740 32729 181.17 1
bi 32742 32672 43.16 1
bi 32739 32742 103.99 1
bi 32746 32678 53.11 1
bi 32742 32746 222.89 1
bi 32751 32684 222.89 1
bi 32746 32751 222.89 1
bi 32763 32722 46.78 1
bi 32769 32739 205.01 1
bi 32773 51563 172.59 1
bi 32776 32700 222.40 1
bi 32777 32776 189.32 1
bi 32794 51566 222.89 1
bi 32811 51567 125.81 1
bi 32811 32729 222.89 1
bi 32812 51563 222.89 1
bi 32819 32742 222.89 1
bi 32812 32819 222.89 1
bi 32815 32811 161.00 1
bi 32823 51566 212.18 1
bi 32826 32751 222.89 1
bi 32823 32826 36.36 1
bi 32850 32773 122.68 1
bi 32852 32812 120.47 1
bi 32850 32852 88.96 1
bi 32858 32794 222.89 1
bi 32860 32823 77.22 1
bi 32858 32860 109.20 1
bi 32892 32811 222.89 1
bi 32887 32892 212.63 1
bi 32895 51567 81.00 1
bi 32892 32895 222.89 1
bi 32896 32885 222.89 1
bi 32896 32734 94.02 1
bi 32897 32724 98.58 1
bi 32895 32897 80.56 1
bi 32901 32852 222.89 1
bi 32897 32901 189.14 1
bi 32902 32896 106.85 1
bi 32902 32719 222.89 1
bi 32910 32819 114.08 1
bi 32901 32910 166.90 1
bi 32912 32902 44.59 1
bi 32912 32776 222.89 1
bi 32913 32860 74.06 1
bi 32910 32913 119.58 1
bi 32917 32826 43.55 1
bi 32913 32917 155.29 1
bi 32917 32912 222.89 1
bi 32440 52814 136.71 1
bi 32125 32139 222.89 1
bi 31995 48797 222.89 1
bi 48797 31995 57.41 1
LISTA_ARISTAS_NOREQ :
CORDENADAS_NODOS :
1 1
1 1
1 1
1 1
1 1
1 1
1 1
1 1
1 1
1 1
1 1
1 1
1 1
1 1
1 1
1 1
1 1
1 1
1 1
1 1
1 1
1 1
1 1
1 1
1 1
1 1
1 1
1 1
1 1
1 1
1 1
1 1
1 1
1 1
1 1
1 1
1 1
1 1
1 1
1 1
1 1
1 1
1 1
1 1
1 1
1 1
1 1
1 1
1 1
1 1
1 1
1 1
1 1
1 1
1 1
1 1
1 1
1 1
1 1
1 1
1 1
1 1
1 1
1 1
1 1
1 1
1 1
1 1
1 1
1 1
1 1
1 1
1 1
1 1
1 1
1 1
1 1
1 1
1 1
1 1
1 1
1 1
1 1
1 1
1 1
1 1
1 1
1 1
1 1
1 1
1 1
1 1
1 1
1 1
1 1
1 1
1 1
1 1
1 1
1 1
1 1
1 1
1 1
1 1
1 1
1 1
1 1
1 1
1 1
1 1
1 1
1 1
1 1
1 1
1 1
1 1
1 1
1 1
1 1
1 1
1 1
1 1
1 1
1 1
1 1
1 1
1 1
1 1
1 1
1 1
1 1
1 1
1 1
1 1
1 1
1 1
1 1
1 1
1 1
1 1
1 1
1 1
1 1
1 1
1 1
1 1
1 1
1 1
1 1
1 1
1 1
1 1
1 1
1 1
1 1
1 1
1 1
1 1
1 1
1 1
1 1
1 1
1 1
1 1
1 1
1 1
1 1
1 1
1 1
1 1
1 1
1 1
1 1
1 1
1 1
1 1
1 1
1 1
1 1
1 1
1 1
1 1
1 1
1 1
1 1
1 1
1 1
1 1
1 1
1 1
1 1
1 1
1 1
1 1
1 1
1 1
1 1
1 1
1 1
1 1
1 1
1 1
1 1
1 1
RESTRICCIONES :
NODOS_INICIALES:
31837
NODOS_TERMINO:
31492