NOMBRE : Renca Mediano
COMENTARIO : Caso real 2
VERTICES : 76
ARISTAS_REQ : 92
ARISTAS_NOREQ : 0
RESTRICCIONES : 0
NODOS_INICIALES : 1
NODOS_TERMINO : 1
LISTA_ARISTAS_REQ : 
uni 31886 31837 135.09 0
uni 31905 31892 140.09 0
uni 31947 31886 102.87 0
uni 31951 31905 120.26 0
uni 31965 31951 90.13 0
uni 31837 31972 107.67 0
uni 31983 31965 169.73 0
uni 31972 31983 62.58 0
uni 31991 31837 85.76 0
uni 31995 32005 103.22 0
uni 32004 31991 99.35 0
uni 32005 32004 74.01 0
uni 32006 31947 100.14 0
uni 32057 32006 102.64 0
uni 32144 32057 122.18 0
uni 31837 32165 111.48 0
uni 32211 32144 129.22 0
uni 32165 32253 89.12 0
uni 32288 32211 60.01 0
uni 32353 32288 95.69 0
uni 32518 32353 50.31 0
uni 32253 32518 132.92 0
uni 32619 32518 131.47 0
uni 32709 32619 155.10 0
uni 32518 32733 87.39 0
uni 32885 32709 95.55 0
uni 32733 32885 135.09 0
uni 31892 48797 69.97 0
bi 31930 31995 40.59 0
bi 31994 31930 111.62 0
bi 32046 31994 66.69 0
bi 32106 32005 96.81 0
bi 32107 32046 46.12 0
bi 32119 32004 108.86 0
bi 32106 32119 101.37 0
bi 32136 31991 91.57 0
bi 32119 32136 73.31 0
bi 32148 51522 111.06 0
bi 32136 32148 72.05 0
bi 32148 32165 50.76 0
bi 32188 32107 109.74 0
bi 32199 32106 135.84 0
bi 32216 32256 138.19 0
bi 32199 32253 165.53 0
bi 32255 32199 141.84 0
bi 32256 32255 120.71 0
bi 32270 32188 99.44 0
bi 32344 32270 62.46 0
bi 32430 32344 132.71 0
bi 32434 32256 120.61 0
bi 32430 32434 123.31 0
bi 32440 51539 84.35 0
bi 32434 32440 110.53 0
bi 32449 51540 129.54 0
bi 32440 32449 79.40 0
bi 32460 32255 93.77 0
bi 32449 32460 100.60 0
bi 32460 32490 86.29 0
bi 32490 32501 70.07 0
bi 32501 32519 128.71 0
bi 32517 32430 170.15 0
bi 32519 32518 133.02 0
bi 32603 32517 62.86 0
bi 32657 32490 170.11 0
bi 32658 32657 54.51 0
bi 32657 51553 100.64 0
bi 32673 32434 96.23 0
bi 32676 32519 73.66 0
bi 32677 32676 146.26 0
bi 32676 51556 58.89 0
bi 32684 32603 107.26 0
bi 32700 32460 103.60 0
bi 32673 32700 165.67 0
bi 32700 32719 131.05 0
bi 32718 32501 126.52 0
bi 32719 32718 63.80 0
bi 32718 32734 51.44 0
bi 32734 32733 158.16 0
bi 32751 32684 111.10 0
bi 32776 32700 146.34 0
bi 32777 32776 99.50 0
bi 32826 32751 52.49 0
bi 32896 32885 90.60 0
bi 32896 32734 115.66 0
bi 32902 32896 104.20 0
bi 32902 32719 97.23 0
bi 32912 32902 95.29 0
bi 32912 32776 88.51 0
bi 32917 32826 86.20 0
bi 32917 32912 108.42 0
bi 32440 52814 99.40 0
bi 31995 48797 80.76 0
LISTA_ARISTAS_NOREQ : 
CORDENADAS_NODOS :  
uni 31886 31837 24.24
uni 31905 31892 47.06
uni 31947 31886 32.86
uni 31951 31905 74.03
uni 31965 31951 48.11
uni 31837 31972 152.08
uni 31983 31965 41.36
uni 31972 31983 41.63
uni 31991 31837 149.58
uni 31995 32005 193.20
uni 31886 31837 24.24
uni 31905 31892 47.06
uni 31947 31886 32.86
uni 31951 31905 74.03
uni 31965 31951 48.11
uni 31837 31972 152.08
uni 31983 31965 41.36
uni 31972 31983 41.63
uni 31991 31837 149.58
uni 31995 32005 193.20
uni 31886 31837 24.24
uni 31905 31892 47.06
uni 31947 31886 32.86
uni 31951 31905 74.03
uni 31965 31951 48.11
uni 31837 31972 152.08
uni 31983 31965 41.36
uni 31972 31983 41.63
uni 31991 31837 149.58
uni 31995 32005 193.20
uni 31886 31837 24.24
uni 31905 31892 47.06
uni 31947 31886 32.86
uni 31951 31905 74.03
uni 31965 31951 48.11
uni 31837 31972 152.08
uni 31983 31965 41.36
uni 31972 31983 41.63
uni 31991 31837 149.58
uni 31995 32005 193.20
uni 31886 31837 24.24
uni 31905 31892 47.06
uni 31947 31886 32.86
uni 31951 31905 74.03
uni 31965 31951 48.11
uni 31837 31972 152.08
uni 31983 31965 41.36
uni 31972 31983 41.63
uni 31991 31837 149.58
uni 31995 32005 193.20
uni 31886 31837 24.24
uni 31905 31892 47.06
uni 31947 31886 32.86
uni 31951 31905 74.03
uni 31965 31951 48.11
uni 31837 31972 152.08
uni 31983 31965 41.36
uni 31972 31983 41.63
uni 31991 31837 149.58
uni 31995 32005 193.20
uni 31886 31837 24.24
uni 31905 31892 47.06
uni 31947 31886 32.86
uni 31951 31905 74.03
uni 31965 31951 48.11
uni 31965 31951 48.11
uni 31837 31972 152.08
uni 31983 31965 41.36
uni 31972 31983 41.63
uni 31991 31837 149.58
uni 31995 32005 193.20
uni 31837 31972 152.08
uni 31983 31965 41.36
uni 31972 31983 41.63
uni 31991 31837 149.58
uni 31995 32005 193.20
RESTRICCIONES :
NODOS_INICIALES:
31837
NODOS_TERMINO:
31965