NOMBRE : Renca Mediano
COMENTARIO : Caso real 2
VERTICES : 76
ARISTAS_REQ : 92
ARISTAS_NOREQ : 0
RESTRICCIONES : 0
NODOS_INICIALES : 1
NODOS_TERMINO : 1
LISTA_ARISTAS_REQ : 
uni 31886 31837 193.20 0
uni 31905 31892 45.97 0
uni 31947 31886 193.20 0
uni 31951 31905 193.20 0
uni 31965 31951 132.41 0
uni 31837 31972 193.20 0
uni 31983 31965 193.20 0
uni 31972 31983 35.91 0
uni 31991 31837 149.95 0
uni 31995 32005 193.20 0
uni 32004 31991 119.82 0
uni 32005 32004 123.17 0
uni 32006 31947 193.20 0
uni 32057 32006 48.62 0
uni 32144 32057 193.20 0
uni 31837 32165 66.28 0
uni 32211 32144 64.60 0
uni 32165 32253 132.27 0
uni 32288 32211 55.77 0
uni 32353 32288 138.50 0
uni 32518 32353 193.20 0
uni 32253 32518 163.27 0
uni 32619 32518 127.62 0
uni 32709 32619 165.87 0
uni 32518 32733 103.45 0
uni 32885 32709 193.20 0
uni 32733 32885 193.20 0
uni 31892 48797 47.22 0
bi 31930 31995 33.24 0
bi 31994 31930 193.20 0
bi 32046 31994 67.93 0
bi 32106 32005 46.98 0
bi 32107 32046 193.20 0
bi 32119 32004 193.20 0
bi 32106 32119 193.20 0
bi 32136 31991 59.19 0
bi 32119 32136 193.20 0
bi 32148 51522 20.71 0
bi 32136 32148 193.20 0
bi 32148 32165 193.20 0
bi 32188 32107 71.79 0
bi 32199 32106 44.52 0
bi 32216 32256 193.20 0
bi 32199 32253 193.20 0
bi 32255 32199 193.20 0
bi 32256 32255 193.20 0
bi 32270 32188 193.20 0
bi 32344 32270 193.20 0
bi 32430 32344 193.20 0
bi 32434 32256 193.20 0
bi 32430 32434 165.94 0
bi 32440 51539 171.72 0
bi 32434 32440 122.01 0
bi 32449 51540 165.27 0
bi 32440 32449 40.88 0
bi 32460 32255 107.02 0
bi 32449 32460 193.20 0
bi 32460 32490 193.20 0
bi 32490 32501 193.20 0
bi 32501 32519 94.98 0
bi 32517 32430 116.28 0
bi 32519 32518 80.14 0
bi 32603 32517 106.46 0
bi 32657 32490 78.94 0
bi 32658 32657 193.20 0
bi 32657 51553 193.20 0
bi 32673 32434 80.13 0
bi 32676 32519 113.69 0
bi 32677 32676 193.20 0
bi 32676 51556 130.07 0
bi 32684 32603 65.87 0
bi 32700 32460 113.59 0
bi 32673 32700 57.63 0
bi 32700 32719 193.20 0
bi 32718 32501 130.42 0
bi 32719 32718 136.92 0
bi 32718 32734 144.82 0
bi 32734 32733 54.42 0
bi 32751 32684 46.11 0
bi 32776 32700 193.20 0
bi 32777 32776 140.49 0
bi 32826 32751 168.96 0
bi 32896 32885 193.20 0
bi 32896 32734 27.70 0
bi 32902 32896 193.20 0
bi 32902 32719 193.20 0
bi 32912 32902 98.54 0
bi 32912 32776 193.20 0
bi 32917 32826 141.43 0
bi 32917 32912 57.43 0
bi 32440 52814 79.67 0
bi 31995 48797 190.02 0
LISTA_ARISTAS_NOREQ : 
CORDENADAS_NODOS :  
uni 31886 31837 24.24
uni 31905 31892 47.06
uni 31947 31886 32.86
uni 31951 31905 74.03
uni 31965 31951 48.11
uni 31837 31972 152.08
uni 31983 31965 41.36
uni 31972 31983 41.63
uni 31991 31837 149.58
uni 31995 32005 193.20
uni 31886 31837 24.24
uni 31905 31892 47.06
uni 31947 31886 32.86
uni 31951 31905 74.03
uni 31965 31951 48.11
uni 31837 31972 152.08
uni 31983 31965 41.36
uni 31972 31983 41.63
uni 31991 31837 149.58
uni 31995 32005 193.20
uni 31886 31837 24.24
uni 31905 31892 47.06
uni 31947 31886 32.86
uni 31951 31905 74.03
uni 31965 31951 48.11
uni 31837 31972 152.08
uni 31983 31965 41.36
uni 31972 31983 41.63
uni 31991 31837 149.58
uni 31995 32005 193.20
uni 31886 31837 24.24
uni 31905 31892 47.06
uni 31947 31886 32.86
uni 31951 31905 74.03
uni 31965 31951 48.11
uni 31837 31972 152.08
uni 31983 31965 41.36
uni 31972 31983 41.63
uni 31991 31837 149.58
uni 31995 32005 193.20
uni 31886 31837 24.24
uni 31905 31892 47.06
uni 31947 31886 32.86
uni 31951 31905 74.03
uni 31965 31951 48.11
uni 31837 31972 152.08
uni 31983 31965 41.36
uni 31972 31983 41.63
uni 31991 31837 149.58
uni 31995 32005 193.20
uni 31886 31837 24.24
uni 31905 31892 47.06
uni 31947 31886 32.86
uni 31951 31905 74.03
uni 31965 31951 48.11
uni 31837 31972 152.08
uni 31983 31965 41.36
uni 31972 31983 41.63
uni 31991 31837 149.58
uni 31995 32005 193.20
uni 31886 31837 24.24
uni 31905 31892 47.06
uni 31947 31886 32.86
uni 31951 31905 74.03
uni 31965 31951 48.11
uni 31965 31951 48.11
uni 31837 31972 152.08
uni 31983 31965 41.36
uni 31972 31983 41.63
uni 31991 31837 149.58
uni 31995 32005 193.20
uni 31837 31972 152.08
uni 31983 31965 41.36
uni 31972 31983 41.63
uni 31991 31837 149.58
uni 31995 32005 193.20
RESTRICCIONES :
NODOS_INICIALES:
31837
NODOS_TERMINO:
31965