NOMBRE : Renca Mediano
COMENTARIO : Caso real 2
VERTICES : 76
ARISTAS_REQ : 92
ARISTAS_NOREQ : 0
RESTRICCIONES : 0
NODOS_INICIALES : 1
NODOS_TERMINO : 1
LISTA_ARISTAS_REQ : 
uni 31886 31837 193.20 0
uni 31905 31892 193.20 0
uni 31947 31886 44.71 0
uni 31951 31905 78.41 0
uni 31965 31951 193.20 0
uni 31837 31972 85.96 0
uni 31983 31965 42.48 0
uni 31972 31983 193.20 0
uni 31991 31837 183.96 0
uni 31995 32005 101.74 0
uni 32004 31991 69.40 0
uni 32005 32004 49.34 0
uni 32006 31947 114.16 0
uni 32057 32006 145.57 0
uni 32144 32057 57.65 0
uni 31837 32165 180.75 0
uni 32211 32144 193.20 0
uni 32165 32253 63.06 0
uni 32288 32211 114.63 0
uni 32353 32288 193.20 0
uni 32518 32353 193.20 0
uni 32253 32518 24.19 0
uni 32619 32518 193.20 0
uni 32709 32619 34.95 0
uni 32518 32733 85.45 0
uni 32885 32709 15.55 0
uni 32733 32885 56.18 0
uni 31892 48797 193.20 0
bi 31930 31995 124.43 0
bi 31994 31930 68.10 0
bi 32046 31994 67.70 0
bi 32106 32005 193.20 0
bi 32107 32046 193.20 0
bi 32119 32004 120.63 0
bi 32106 32119 193.20 0
bi 32136 31991 193.20 0
bi 32119 32136 62.94 0
bi 32148 51522 193.20 0
bi 32136 32148 193.20 0
bi 32148 32165 138.50 0
bi 32188 32107 184.24 0
bi 32199 32106 185.18 0
bi 32216 32256 65.31 0
bi 32199 32253 193.20 0
bi 32255 32199 163.08 0
bi 32256 32255 130.28 0
bi 32270 32188 122.91 0
bi 32344 32270 164.70 0
bi 32430 32344 59.06 0
bi 32434 32256 193.20 0
bi 32430 32434 193.20 0
bi 32440 51539 156.56 0
bi 32434 32440 117.33 0
bi 32449 51540 179.33 0
bi 32440 32449 193.20 0
bi 32460 32255 193.20 0
bi 32449 32460 193.20 0
bi 32460 32490 193.20 0
bi 32490 32501 193.20 0
bi 32501 32519 193.20 0
bi 32517 32430 193.20 0
bi 32519 32518 46.52 0
bi 32603 32517 41.85 0
bi 32657 32490 193.20 0
bi 32658 32657 193.20 0
bi 32657 51553 193.20 0
bi 32673 32434 74.29 0
bi 32676 32519 193.20 0
bi 32677 32676 193.20 0
bi 32676 51556 61.01 0
bi 32684 32603 105.12 0
bi 32700 32460 165.10 0
bi 32673 32700 129.91 0
bi 32700 32719 193.20 0
bi 32718 32501 193.20 0
bi 32719 32718 21.24 0
bi 32718 32734 193.20 0
bi 32734 32733 35.14 0
bi 32751 32684 39.11 0
bi 32776 32700 77.80 0
bi 32777 32776 135.30 0
bi 32826 32751 193.20 0
bi 32896 32885 193.20 0
bi 32896 32734 111.81 0
bi 32902 32896 193.20 0
bi 32902 32719 34.25 0
bi 32912 32902 193.20 0
bi 32912 32776 165.39 0
bi 32917 32826 119.78 0
bi 32917 32912 193.20 0
bi 32440 52814 193.20 0
bi 31995 48797 53.88 0
LISTA_ARISTAS_NOREQ : 
CORDENADAS_NODOS :  
uni 31886 31837 24.24
uni 31905 31892 47.06
uni 31947 31886 32.86
uni 31951 31905 74.03
uni 31965 31951 48.11
uni 31837 31972 152.08
uni 31983 31965 41.36
uni 31972 31983 41.63
uni 31991 31837 149.58
uni 31995 32005 193.20
uni 31886 31837 24.24
uni 31905 31892 47.06
uni 31947 31886 32.86
uni 31951 31905 74.03
uni 31965 31951 48.11
uni 31837 31972 152.08
uni 31983 31965 41.36
uni 31972 31983 41.63
uni 31991 31837 149.58
uni 31995 32005 193.20
uni 31886 31837 24.24
uni 31905 31892 47.06
uni 31947 31886 32.86
uni 31951 31905 74.03
uni 31965 31951 48.11
uni 31837 31972 152.08
uni 31983 31965 41.36
uni 31972 31983 41.63
uni 31991 31837 149.58
uni 31995 32005 193.20
uni 31886 31837 24.24
uni 31905 31892 47.06
uni 31947 31886 32.86
uni 31951 31905 74.03
uni 31965 31951 48.11
uni 31837 31972 152.08
uni 31983 31965 41.36
uni 31972 31983 41.63
uni 31991 31837 149.58
uni 31995 32005 193.20
uni 31886 31837 24.24
uni 31905 31892 47.06
uni 31947 31886 32.86
uni 31951 31905 74.03
uni 31965 31951 48.11
uni 31837 31972 152.08
uni 31983 31965 41.36
uni 31972 31983 41.63
uni 31991 31837 149.58
uni 31995 32005 193.20
uni 31886 31837 24.24
uni 31905 31892 47.06
uni 31947 31886 32.86
uni 31951 31905 74.03
uni 31965 31951 48.11
uni 31837 31972 152.08
uni 31983 31965 41.36
uni 31972 31983 41.63
uni 31991 31837 149.58
uni 31995 32005 193.20
uni 31886 31837 24.24
uni 31905 31892 47.06
uni 31947 31886 32.86
uni 31951 31905 74.03
uni 31965 31951 48.11
uni 31965 31951 48.11
uni 31837 31972 152.08
uni 31983 31965 41.36
uni 31972 31983 41.63
uni 31991 31837 149.58
uni 31995 32005 193.20
uni 31837 31972 152.08
uni 31983 31965 41.36
uni 31972 31983 41.63
uni 31991 31837 149.58
uni 31995 32005 193.20
RESTRICCIONES :
NODOS_INICIALES:
31837
NODOS_TERMINO:
31965