NOMBRE : Renca Mediano
COMENTARIO : Caso real 2
VERTICES : 76
ARISTAS_REQ : 92
ARISTAS_NOREQ : 0
RESTRICCIONES : 0
NODOS_INICIALES : 1
NODOS_TERMINO : 1
LISTA_ARISTAS_REQ : 
uni 31886 31837 88.49 0
uni 31905 31892 108.49 0
uni 31947 31886 178.96 0
uni 31951 31905 77.79 0
uni 31965 31951 149.42 0
uni 31837 31972 105.82 0
uni 31983 31965 78.15 0
uni 31972 31983 64.01 0
uni 31991 31837 105.55 0
uni 31995 32005 136.66 0
uni 32004 31991 84.49 0
uni 32005 32004 106.91 0
uni 32006 31947 73.10 0
uni 32057 32006 80.52 0
uni 32144 32057 87.15 0
uni 31837 32165 77.41 0
uni 32211 32144 105.34 0
uni 32165 32253 118.33 0
uni 32288 32211 93.88 0
uni 32353 32288 113.11 0
uni 32518 32353 101.53 0
uni 32253 32518 73.26 0
uni 32619 32518 80.71 0
uni 32709 32619 193.20 0
uni 32518 32733 130.50 0
uni 32885 32709 109.05 0
uni 32733 32885 143.54 0
uni 31892 48797 90.26 0
bi 31930 31995 154.67 0
bi 31994 31930 60.03 0
bi 32046 31994 137.91 0
bi 32106 32005 142.83 0
bi 32107 32046 136.76 0
bi 32119 32004 61.97 0
bi 32106 32119 116.91 0
bi 32136 31991 110.72 0
bi 32119 32136 88.71 0
bi 32148 51522 146.29 0
bi 32136 32148 89.23 0
bi 32148 32165 129.46 0
bi 32188 32107 99.73 0
bi 32199 32106 125.76 0
bi 32216 32256 152.56 0
bi 32199 32253 93.76 0
bi 32255 32199 115.02 0
bi 32256 32255 91.27 0
bi 32270 32188 76.41 0
bi 32344 32270 130.34 0
bi 32430 32344 57.72 0
bi 32434 32256 134.59 0
bi 32430 32434 122.85 0
bi 32440 51539 115.06 0
bi 32434 32440 85.74 0
bi 32449 51540 82.24 0
bi 32440 32449 141.17 0
bi 32460 32255 50.98 0
bi 32449 32460 164.06 0
bi 32460 32490 68.40 0
bi 32490 32501 103.47 0
bi 32501 32519 124.91 0
bi 32517 32430 128.77 0
bi 32519 32518 140.87 0
bi 32603 32517 125.28 0
bi 32657 32490 76.98 0
bi 32658 32657 121.10 0
bi 32657 51553 55.11 0
bi 32673 32434 43.29 0
bi 32676 32519 102.45 0
bi 32677 32676 46.34 0
bi 32676 51556 100.08 0
bi 32684 32603 98.67 0
bi 32700 32460 114.65 0
bi 32673 32700 93.75 0
bi 32700 32719 76.01 0
bi 32718 32501 103.85 0
bi 32719 32718 63.52 0
bi 32718 32734 120.82 0
bi 32734 32733 144.95 0
bi 32751 32684 67.15 0
bi 32776 32700 109.66 0
bi 32777 32776 95.55 0
bi 32826 32751 62.90 0
bi 32896 32885 109.96 0
bi 32896 32734 74.27 0
bi 32902 32896 74.02 0
bi 32902 32719 93.12 0
bi 32912 32902 119.60 0
bi 32912 32776 69.11 0
bi 32917 32826 84.26 0
bi 32917 32912 122.19 0
bi 32440 52814 130.10 0
bi 31995 48797 123.16 0
LISTA_ARISTAS_NOREQ : 
CORDENADAS_NODOS :  
uni 31886 31837 24.24
uni 31905 31892 47.06
uni 31947 31886 32.86
uni 31951 31905 74.03
uni 31965 31951 48.11
uni 31837 31972 152.08
uni 31983 31965 41.36
uni 31972 31983 41.63
uni 31991 31837 149.58
uni 31995 32005 193.20
uni 31886 31837 24.24
uni 31905 31892 47.06
uni 31947 31886 32.86
uni 31951 31905 74.03
uni 31965 31951 48.11
uni 31837 31972 152.08
uni 31983 31965 41.36
uni 31972 31983 41.63
uni 31991 31837 149.58
uni 31995 32005 193.20
uni 31886 31837 24.24
uni 31905 31892 47.06
uni 31947 31886 32.86
uni 31951 31905 74.03
uni 31965 31951 48.11
uni 31837 31972 152.08
uni 31983 31965 41.36
uni 31972 31983 41.63
uni 31991 31837 149.58
uni 31995 32005 193.20
uni 31886 31837 24.24
uni 31905 31892 47.06
uni 31947 31886 32.86
uni 31951 31905 74.03
uni 31965 31951 48.11
uni 31837 31972 152.08
uni 31983 31965 41.36
uni 31972 31983 41.63
uni 31991 31837 149.58
uni 31995 32005 193.20
uni 31886 31837 24.24
uni 31905 31892 47.06
uni 31947 31886 32.86
uni 31951 31905 74.03
uni 31965 31951 48.11
uni 31837 31972 152.08
uni 31983 31965 41.36
uni 31972 31983 41.63
uni 31991 31837 149.58
uni 31995 32005 193.20
uni 31886 31837 24.24
uni 31905 31892 47.06
uni 31947 31886 32.86
uni 31951 31905 74.03
uni 31965 31951 48.11
uni 31837 31972 152.08
uni 31983 31965 41.36
uni 31972 31983 41.63
uni 31991 31837 149.58
uni 31995 32005 193.20
uni 31886 31837 24.24
uni 31905 31892 47.06
uni 31947 31886 32.86
uni 31951 31905 74.03
uni 31965 31951 48.11
uni 31965 31951 48.11
uni 31837 31972 152.08
uni 31983 31965 41.36
uni 31972 31983 41.63
uni 31991 31837 149.58
uni 31995 32005 193.20
uni 31837 31972 152.08
uni 31983 31965 41.36
uni 31972 31983 41.63
uni 31991 31837 149.58
uni 31995 32005 193.20
RESTRICCIONES :
NODOS_INICIALES:
31837
NODOS_TERMINO:
31965