NOMBRE : Renca Mediano
COMENTARIO : Caso real 2
VERTICES : 76
ARISTAS_REQ : 92
ARISTAS_NOREQ : 0
RESTRICCIONES : 0
NODOS_INICIALES : 1
NODOS_TERMINO : 1
LISTA_ARISTAS_REQ : 
uni 31886 31837 63.66 0
uni 31905 31892 108.61 0
uni 31947 31886 77.28 0
uni 31951 31905 116.86 0
uni 31965 31951 63.18 0
uni 31837 31972 151.17 0
uni 31983 31965 65.21 0
uni 31972 31983 86.51 0
uni 31991 31837 101.17 0
uni 31995 32005 179.44 0
uni 32004 31991 108.91 0
uni 32005 32004 90.54 0
uni 32006 31947 81.02 0
uni 32057 32006 73.98 0
uni 32144 32057 106.65 0
uni 31837 32165 85.01 0
uni 32211 32144 96.54 0
uni 32165 32253 114.31 0
uni 32288 32211 56.56 0
uni 32353 32288 85.76 0
uni 32518 32353 99.42 0
uni 32253 32518 75.51 0
uni 32619 32518 78.24 0
uni 32709 32619 124.60 0
uni 32518 32733 96.50 0
uni 32885 32709 118.57 0
uni 32733 32885 87.24 0
uni 31892 48797 105.43 0
bi 31930 31995 56.61 0
bi 31994 31930 133.15 0
bi 32046 31994 110.29 0
bi 32106 32005 97.58 0
bi 32107 32046 98.52 0
bi 32119 32004 90.01 0
bi 32106 32119 85.03 0
bi 32136 31991 24.22 0
bi 32119 32136 49.49 0
bi 32148 51522 107.05 0
bi 32136 32148 104.87 0
bi 32148 32165 96.34 0
bi 32188 32107 134.02 0
bi 32199 32106 107.29 0
bi 32216 32256 146.94 0
bi 32199 32253 122.13 0
bi 32255 32199 105.35 0
bi 32256 32255 71.69 0
bi 32270 32188 96.51 0
bi 32344 32270 172.43 0
bi 32430 32344 61.37 0
bi 32434 32256 121.33 0
bi 32430 32434 107.53 0
bi 32440 51539 95.54 0
bi 32434 32440 58.24 0
bi 32449 51540 118.14 0
bi 32440 32449 79.85 0
bi 32460 32255 67.61 0
bi 32449 32460 88.44 0
bi 32460 32490 142.41 0
bi 32490 32501 97.19 0
bi 32501 32519 110.08 0
bi 32517 32430 94.25 0
bi 32519 32518 139.22 0
bi 32603 32517 102.65 0
bi 32657 32490 95.18 0
bi 32658 32657 126.53 0
bi 32657 51553 54.67 0
bi 32673 32434 140.66 0
bi 32676 32519 77.69 0
bi 32677 32676 145.16 0
bi 32676 51556 105.34 0
bi 32684 32603 98.00 0
bi 32700 32460 79.76 0
bi 32673 32700 54.30 0
bi 32700 32719 103.75 0
bi 32718 32501 129.55 0
bi 32719 32718 71.35 0
bi 32718 32734 124.52 0
bi 32734 32733 57.34 0
bi 32751 32684 96.13 0
bi 32776 32700 46.84 0
bi 32777 32776 131.07 0
bi 32826 32751 147.27 0
bi 32896 32885 96.01 0
bi 32896 32734 82.26 0
bi 32902 32896 137.75 0
bi 32902 32719 13.13 0
bi 32912 32902 101.86 0
bi 32912 32776 106.29 0
bi 32917 32826 88.46 0
bi 32917 32912 146.25 0
bi 32440 52814 82.90 0
bi 31995 48797 106.05 0
LISTA_ARISTAS_NOREQ : 
CORDENADAS_NODOS :  
uni 31886 31837 24.24
uni 31905 31892 47.06
uni 31947 31886 32.86
uni 31951 31905 74.03
uni 31965 31951 48.11
uni 31837 31972 152.08
uni 31983 31965 41.36
uni 31972 31983 41.63
uni 31991 31837 149.58
uni 31995 32005 193.20
uni 31886 31837 24.24
uni 31905 31892 47.06
uni 31947 31886 32.86
uni 31951 31905 74.03
uni 31965 31951 48.11
uni 31837 31972 152.08
uni 31983 31965 41.36
uni 31972 31983 41.63
uni 31991 31837 149.58
uni 31995 32005 193.20
uni 31886 31837 24.24
uni 31905 31892 47.06
uni 31947 31886 32.86
uni 31951 31905 74.03
uni 31965 31951 48.11
uni 31837 31972 152.08
uni 31983 31965 41.36
uni 31972 31983 41.63
uni 31991 31837 149.58
uni 31995 32005 193.20
uni 31886 31837 24.24
uni 31905 31892 47.06
uni 31947 31886 32.86
uni 31951 31905 74.03
uni 31965 31951 48.11
uni 31837 31972 152.08
uni 31983 31965 41.36
uni 31972 31983 41.63
uni 31991 31837 149.58
uni 31995 32005 193.20
uni 31886 31837 24.24
uni 31905 31892 47.06
uni 31947 31886 32.86
uni 31951 31905 74.03
uni 31965 31951 48.11
uni 31837 31972 152.08
uni 31983 31965 41.36
uni 31972 31983 41.63
uni 31991 31837 149.58
uni 31995 32005 193.20
uni 31886 31837 24.24
uni 31905 31892 47.06
uni 31947 31886 32.86
uni 31951 31905 74.03
uni 31965 31951 48.11
uni 31837 31972 152.08
uni 31983 31965 41.36
uni 31972 31983 41.63
uni 31991 31837 149.58
uni 31995 32005 193.20
uni 31886 31837 24.24
uni 31905 31892 47.06
uni 31947 31886 32.86
uni 31951 31905 74.03
uni 31965 31951 48.11
uni 31965 31951 48.11
uni 31837 31972 152.08
uni 31983 31965 41.36
uni 31972 31983 41.63
uni 31991 31837 149.58
uni 31995 32005 193.20
uni 31837 31972 152.08
uni 31983 31965 41.36
uni 31972 31983 41.63
uni 31991 31837 149.58
uni 31995 32005 193.20
RESTRICCIONES :
NODOS_INICIALES:
31837
NODOS_TERMINO:
31965