NOMBRE : Renca Mediano
COMENTARIO : Caso real 2
VERTICES : 76
ARISTAS_REQ : 92
ARISTAS_NOREQ : 0
RESTRICCIONES : 0
NODOS_INICIALES : 1
NODOS_TERMINO : 1
LISTA_ARISTAS_REQ : 
uni 31886 31837 143.47 0
uni 31905 31892 95.80 0
uni 31947 31886 150.76 0
uni 31951 31905 179.91 0
uni 31965 31951 103.97 0
uni 31837 31972 97.64 0
uni 31983 31965 125.83 0
uni 31972 31983 80.26 0
uni 31991 31837 129.25 0
uni 31995 32005 136.83 0
uni 32004 31991 56.98 0
uni 32005 32004 69.39 0
uni 32006 31947 79.15 0
uni 32057 32006 141.17 0
uni 32144 32057 156.44 0
uni 31837 32165 51.82 0
uni 32211 32144 103.15 0
uni 32165 32253 127.59 0
uni 32288 32211 113.45 0
uni 32353 32288 74.63 0
uni 32518 32353 98.42 0
uni 32253 32518 135.13 0
uni 32619 32518 84.68 0
uni 32709 32619 128.91 0
uni 32518 32733 77.19 0
uni 32885 32709 106.32 0
uni 32733 32885 90.19 0
uni 31892 48797 107.06 0
bi 31930 31995 127.64 0
bi 31994 31930 117.61 0
bi 32046 31994 147.69 0
bi 32106 32005 81.03 0
bi 32107 32046 66.43 0
bi 32119 32004 106.68 0
bi 32106 32119 102.32 0
bi 32136 31991 163.11 0
bi 32119 32136 99.81 0
bi 32148 51522 143.71 0
bi 32136 32148 73.60 0
bi 32148 32165 126.97 0
bi 32188 32107 79.16 0
bi 32199 32106 110.37 0
bi 32216 32256 134.22 0
bi 32199 32253 78.61 0
bi 32255 32199 115.43 0
bi 32256 32255 109.28 0
bi 32270 32188 60.18 0
bi 32344 32270 99.56 0
bi 32430 32344 133.28 0
bi 32434 32256 79.18 0
bi 32430 32434 87.07 0
bi 32440 51539 101.90 0
bi 32434 32440 151.70 0
bi 32449 51540 109.55 0
bi 32440 32449 84.79 0
bi 32460 32255 151.01 0
bi 32449 32460 81.73 0
bi 32460 32490 112.00 0
bi 32490 32501 119.32 0
bi 32501 32519 146.49 0
bi 32517 32430 70.51 0
bi 32519 32518 145.14 0
bi 32603 32517 86.75 0
bi 32657 32490 128.60 0
bi 32658 32657 62.75 0
bi 32657 51553 86.71 0
bi 32673 32434 139.83 0
bi 32676 32519 106.46 0
bi 32677 32676 126.23 0
bi 32676 51556 117.45 0
bi 32684 32603 127.37 0
bi 32700 32460 95.94 0
bi 32673 32700 65.07 0
bi 32700 32719 89.19 0
bi 32718 32501 116.54 0
bi 32719 32718 146.35 0
bi 32718 32734 116.77 0
bi 32734 32733 130.72 0
bi 32751 32684 37.72 0
bi 32776 32700 108.48 0
bi 32777 32776 115.76 0
bi 32826 32751 81.31 0
bi 32896 32885 122.16 0
bi 32896 32734 105.49 0
bi 32902 32896 99.75 0
bi 32902 32719 76.51 0
bi 32912 32902 50.53 0
bi 32912 32776 85.52 0
bi 32917 32826 118.93 0
bi 32917 32912 110.55 0
bi 32440 52814 106.15 0
bi 31995 48797 104.30 0
LISTA_ARISTAS_NOREQ : 
CORDENADAS_NODOS :  
uni 31886 31837 24.24
uni 31905 31892 47.06
uni 31947 31886 32.86
uni 31951 31905 74.03
uni 31965 31951 48.11
uni 31837 31972 152.08
uni 31983 31965 41.36
uni 31972 31983 41.63
uni 31991 31837 149.58
uni 31995 32005 193.20
uni 31886 31837 24.24
uni 31905 31892 47.06
uni 31947 31886 32.86
uni 31951 31905 74.03
uni 31965 31951 48.11
uni 31837 31972 152.08
uni 31983 31965 41.36
uni 31972 31983 41.63
uni 31991 31837 149.58
uni 31995 32005 193.20
uni 31886 31837 24.24
uni 31905 31892 47.06
uni 31947 31886 32.86
uni 31951 31905 74.03
uni 31965 31951 48.11
uni 31837 31972 152.08
uni 31983 31965 41.36
uni 31972 31983 41.63
uni 31991 31837 149.58
uni 31995 32005 193.20
uni 31886 31837 24.24
uni 31905 31892 47.06
uni 31947 31886 32.86
uni 31951 31905 74.03
uni 31965 31951 48.11
uni 31837 31972 152.08
uni 31983 31965 41.36
uni 31972 31983 41.63
uni 31991 31837 149.58
uni 31995 32005 193.20
uni 31886 31837 24.24
uni 31905 31892 47.06
uni 31947 31886 32.86
uni 31951 31905 74.03
uni 31965 31951 48.11
uni 31837 31972 152.08
uni 31983 31965 41.36
uni 31972 31983 41.63
uni 31991 31837 149.58
uni 31995 32005 193.20
uni 31886 31837 24.24
uni 31905 31892 47.06
uni 31947 31886 32.86
uni 31951 31905 74.03
uni 31965 31951 48.11
uni 31837 31972 152.08
uni 31983 31965 41.36
uni 31972 31983 41.63
uni 31991 31837 149.58
uni 31995 32005 193.20
uni 31886 31837 24.24
uni 31905 31892 47.06
uni 31947 31886 32.86
uni 31951 31905 74.03
uni 31965 31951 48.11
uni 31965 31951 48.11
uni 31837 31972 152.08
uni 31983 31965 41.36
uni 31972 31983 41.63
uni 31991 31837 149.58
uni 31995 32005 193.20
uni 31837 31972 152.08
uni 31983 31965 41.36
uni 31972 31983 41.63
uni 31991 31837 149.58
uni 31995 32005 193.20
RESTRICCIONES :
NODOS_INICIALES:
31837
NODOS_TERMINO:
31965