NOMBRE : Instancia real grande
COMENTARIO : caso real 
VERTICES : 204 
ARISTAS_REQ : 293
ARISTAS_NOREQ : 0 
RESTRICCIONES : 0 
NODOS_INICIALES : 1 
NODOS_TERMINO : 1 
LISTA_ARISTAS_REQ : 
uni 31492 31752 222.89 1
uni 31752 31766 80.67 1
uni 31766 31794 26.23 1
uni 31773 31492 9.98 1
uni 31793 31773 172.31 1
uni 31794 31809 173.30 1
uni 31809 31826 222.89 1
uni 31818 31793 222.89 1
uni 31826 31818 38.55 1
uni 31829 31818 125.95 1
uni 31849 31829 47.86 1
uni 31871 31849 222.89 1
uni 31886 31837 222.89 1
uni 48797 31871 222.89 1
uni 31818 31995 191.27 1
uni 31905 31892 222.89 1
uni 31947 31886 71.85 1
uni 31951 31905 110.10 1
uni 31965 31951 148.73 1
uni 31837 31972 104.14 1
uni 31983 31965 222.89 1
uni 31972 31983 222.89 1
uni 31991 31837 222.89 1
uni 31995 32005 222.89 1
uni 32004 31991 222.89 1
uni 32005 32004 90.74 1
uni 32006 31947 146.49 1
uni 32057 32006 65.01 1
uni 32144 32057 222.89 1
uni 31837 32165 222.89 1
uni 32211 32144 15.04 1
uni 32165 32253 14.28 1
uni 32288 32211 222.89 1
uni 32353 32288 53.97 1
uni 32518 32353 222.89 1
uni 32253 32518 186.74 1
uni 32619 32518 222.89 1
uni 32709 32619 222.89 1
uni 32518 32733 82.47 1
uni 32815 32735 14.68 1
uni 32885 32709 130.88 1
uni 32733 32885 155.67 1
uni 32887 32815 222.89 1
uni 32887 47103 133.47 1
bi 32735 47103 222.89 1
uni 31892 48797 130.04 1
bi 31833 31492 78.10 1
bi 31840 31794 71.90 1
bi 31850 31818 28.22 1
bi 31840 31850 45.24 1
bi 31853 31752 222.89 1
bi 31833 31853 205.02 1
bi 31902 31840 222.89 1
bi 31913 31850 222.89 1
bi 31902 31913 36.75 1
bi 31920 51511 20.04 1
bi 31930 31995 59.03 1
bi 31913 31930 203.71 1
bi 31931 31853 222.89 1
bi 31920 31931 222.89 1
bi 31936 31920 222.89 1
bi 31937 31766 155.73 1
bi 31931 31937 204.05 1
bi 31941 31902 222.89 1
bi 31937 31941 214.79 1
bi 31973 31941 129.00 1
bi 31973 31982 222.89 1
bi 31981 31913 222.89 1
bi 31982 31981 222.89 1
bi 31984 31833 52.76 1
bi 31994 31930 137.02 1
bi 31981 31994 221.17 1
bi 32011 31931 213.28 1
bi 31984 32011 222.89 1
bi 32035 31973 185.03 1
bi 32041 31982 222.89 1
bi 32035 32041 117.35 1
bi 32044 31981 222.89 1
bi 32041 32044 160.62 1
bi 32046 31994 222.89 1
bi 32044 32046 106.86 1
bi 32068 32011 222.89 1
bi 32072 31937 192.16 1
bi 32068 32072 104.39 1
bi 32086 32035 222.89 1
bi 32072 32086 76.84 1
bi 32095 32041 188.65 1
bi 32086 32095 161.26 1
bi 32101 32044 222.89 1
bi 32095 32101 104.88 1
bi 32106 32005 97.80 1
bi 32107 32046 188.72 1
bi 32101 32107 27.45 1
bi 32119 32004 145.65 1
bi 32106 32119 120.91 1
bi 32125 31984 48.74 1
bi 32136 31991 222.89 1
bi 32119 32136 65.68 1
bi 32138 32068 129.20 1
bi 32139 32138 107.88 1
bi 32148 51522 222.89 1
bi 32136 32148 222.89 1
bi 32148 32165 194.16 1
bi 32166 32086 156.94 1
bi 32173 32095 107.99 1
bi 32166 32173 115.87 1
bi 32177 32101 222.89 1
bi 32173 32177 181.48 1
bi 32188 32107 19.26 1
bi 32177 32188 86.67 1
bi 32199 32106 83.43 1
bi 32216 32256 222.89 1
bi 32217 32139 222.89 1
bi 32226 32138 215.10 1
bi 32217 32226 125.30 1
bi 32240 32072 222.89 1
bi 32243 32166 100.74 1
bi 32240 32243 222.89 1
bi 32243 32248 222.89 1
bi 32247 32173 61.72 1
bi 32248 32247 214.66 1
bi 32199 32253 222.89 1
bi 32255 32199 142.57 1
bi 32256 32255 151.60 1
bi 32263 32177 178.76 1
bi 32247 32263 221.73 1
bi 32263 32271 59.40 1
bi 32270 32188 207.94 1
bi 32271 32270 106.82 1
bi 32303 32217 222.89 1
bi 32304 51531 129.78 1
bi 32303 32304 136.90 1
bi 32308 51533 207.65 1
bi 32311 32226 111.00 1
bi 32308 32311 22.67 1
bi 32314 32304 222.89 1
bi 32317 32308 107.54 1
bi 32323 32248 222.89 1
bi 32332 32263 123.74 1
bi 32323 32332 162.25 1
bi 32341 32271 99.03 1
bi 32332 32341 87.98 1
bi 32344 32270 222.89 1
bi 32341 32344 222.89 1
bi 32393 32303 206.09 1
bi 32405 32311 222.89 1
bi 32393 32405 138.48 1
bi 32408 32240 154.34 1
bi 32405 32408 85.77 1
bi 32409 32243 58.38 1
bi 32408 32409 164.35 1
bi 32413 32323 222.89 1
bi 32409 32413 20.99 1
bi 32413 32421 222.89 1
bi 32420 32332 166.86 1
bi 32421 32420 187.39 1
bi 32420 32425 80.19 1
bi 32424 32341 27.39 1
bi 32425 32424 222.89 1
bi 32430 32344 184.59 1
bi 32424 32430 136.82 1
bi 32434 32256 104.07 1
bi 32430 32434 114.10 1
bi 32440 51539 121.75 1
bi 32434 32440 25.91 1
bi 32449 51540 222.89 1
bi 32440 32449 214.32 1
bi 32460 32255 141.38 1
bi 32449 32460 140.12 1
bi 32460 32490 53.27 1
bi 32475 32393 185.22 1
bi 32481 51542 222.89 1
bi 32475 32481 102.77 1
bi 32482 51543 178.54 1
bi 32485 32405 116.23 1
bi 32482 32485 222.89 1
bi 32490 32501 217.42 1
bi 32494 32481 121.08 1
bi 32496 32482 64.97 1
bi 32497 32421 93.51 1
bi 32501 32519 167.17 1
bi 32506 32420 69.87 1
bi 32497 32506 58.09 1
bi 32513 32424 81.89 1
bi 32517 32430 20.50 1
bi 32513 32517 131.17 1
bi 32519 32518 222.89 1
bi 32554 32475 220.25 1
bi 32554 32560 222.89 1
bi 32559 32485 222.89 1
bi 32560 32559 199.10 1
bi 32562 32408 132.77 1
bi 32559 32562 222.89 1
bi 32565 32409 222.89 1
bi 32562 32565 222.89 1
bi 32569 32413 110.05 1
bi 32565 32569 44.14 1
bi 32574 32497 222.89 1
bi 32569 32574 108.58 1
bi 32583 32506 222.89 1
bi 32574 32583 222.89 1
bi 32585 32425 222.89 1
bi 32583 32585 222.89 1
bi 32591 32513 162.24 1
bi 32585 32591 179.60 1
bi 32603 32517 66.63 1
bi 32591 32603 200.99 1
bi 32657 32490 114.88 1
bi 32658 32657 148.08 1
bi 32657 51553 222.89 1
bi 32660 32565 215.00 1
bi 32668 32574 132.86 1
bi 32660 32668 169.93 1
bi 32672 32583 78.00 1
bi 32668 32672 222.89 1
bi 32673 32434 222.89 1
bi 32676 32519 222.89 1
bi 32677 32676 222.89 1
bi 32678 32591 86.98 1
bi 32672 32678 222.89 1
bi 32676 51556 222.89 1
bi 32684 32603 93.99 1
bi 32678 32684 222.89 1
bi 32700 32460 222.89 1
bi 32673 32700 46.78 1
bi 32700 32719 128.98 1
bi 32718 32501 181.53 1
bi 32719 32718 81.81 1
bi 32718 32734 222.89 1
bi 32722 32562 222.89 1
bi 32724 32660 222.80 1
bi 32722 32724 128.29 1
bi 32729 32722 24.71 1
bi 32729 32559 222.89 1
bi 32734 32733 222.89 1
bi 32735 32554 173.92 1
bi 32739 32668 211.69 1
bi 32724 32739 222.89 1
bi 32740 32560 222.89 1
bi 32735 32740 75.62 1
bi 32740 32729 158.93 1
bi 32742 32672 222.89 1
bi 32739 32742 222.89 1
bi 32746 32678 222.89 1
bi 32742 32746 157.26 1
bi 32751 32684 222.89 1
bi 32746 32751 222.89 1
bi 32763 32722 157.99 1
bi 32769 32739 222.89 1
bi 32773 51563 23.94 1
bi 32776 32700 18.09 1
bi 32777 32776 92.18 1
bi 32794 51566 205.96 1
bi 32811 51567 100.78 1
bi 32811 32729 135.57 1
bi 32812 51563 75.68 1
bi 32819 32742 222.89 1
bi 32812 32819 222.89 1
bi 32815 32811 56.95 1
bi 32823 51566 126.38 1
bi 32826 32751 222.89 1
bi 32823 32826 16.65 1
bi 32850 32773 146.06 1
bi 32852 32812 75.11 1
bi 32850 32852 96.74 1
bi 32858 32794 115.15 1
bi 32860 32823 222.89 1
bi 32858 32860 222.89 1
bi 32892 32811 194.92 1
bi 32887 32892 89.15 1
bi 32895 51567 222.89 1
bi 32892 32895 222.89 1
bi 32896 32885 174.03 1
bi 32896 32734 63.11 1
bi 32897 32724 222.89 1
bi 32895 32897 52.64 1
bi 32901 32852 92.14 1
bi 32897 32901 222.89 1
bi 32902 32896 222.89 1
bi 32902 32719 222.89 1
bi 32910 32819 82.34 1
bi 32901 32910 222.89 1
bi 32912 32902 153.91 1
bi 32912 32776 222.89 1
bi 32913 32860 222.89 1
bi 32910 32913 222.89 1
bi 32917 32826 64.45 1
bi 32913 32917 62.55 1
bi 32917 32912 54.52 1
bi 32440 52814 222.89 1
bi 32125 32139 222.89 1
bi 31995 48797 137.97 1
bi 48797 31995 222.89 1
LISTA_ARISTAS_NOREQ :
CORDENADAS_NODOS :
1 1
1 1
1 1
1 1
1 1
1 1
1 1
1 1
1 1
1 1
1 1
1 1
1 1
1 1
1 1
1 1
1 1
1 1
1 1
1 1
1 1
1 1
1 1
1 1
1 1
1 1
1 1
1 1
1 1
1 1
1 1
1 1
1 1
1 1
1 1
1 1
1 1
1 1
1 1
1 1
1 1
1 1
1 1
1 1
1 1
1 1
1 1
1 1
1 1
1 1
1 1
1 1
1 1
1 1
1 1
1 1
1 1
1 1
1 1
1 1
1 1
1 1
1 1
1 1
1 1
1 1
1 1
1 1
1 1
1 1
1 1
1 1
1 1
1 1
1 1
1 1
1 1
1 1
1 1
1 1
1 1
1 1
1 1
1 1
1 1
1 1
1 1
1 1
1 1
1 1
1 1
1 1
1 1
1 1
1 1
1 1
1 1
1 1
1 1
1 1
1 1
1 1
1 1
1 1
1 1
1 1
1 1
1 1
1 1
1 1
1 1
1 1
1 1
1 1
1 1
1 1
1 1
1 1
1 1
1 1
1 1
1 1
1 1
1 1
1 1
1 1
1 1
1 1
1 1
1 1
1 1
1 1
1 1
1 1
1 1
1 1
1 1
1 1
1 1
1 1
1 1
1 1
1 1
1 1
1 1
1 1
1 1
1 1
1 1
1 1
1 1
1 1
1 1
1 1
1 1
1 1
1 1
1 1
1 1
1 1
1 1
1 1
1 1
1 1
1 1
1 1
1 1
1 1
1 1
1 1
1 1
1 1
1 1
1 1
1 1
1 1
1 1
1 1
1 1
1 1
1 1
1 1
1 1
1 1
1 1
1 1
1 1
1 1
1 1
1 1
1 1
1 1
1 1
1 1
1 1
1 1
1 1
1 1
1 1
1 1
1 1
1 1
1 1
1 1
RESTRICCIONES :
NODOS_INICIALES:
31837
NODOS_TERMINO:
31492