NOMBRE : Renca Mediano
COMENTARIO : Caso real 2
VERTICES : 76
ARISTAS_REQ : 92
ARISTAS_NOREQ : 0
RESTRICCIONES : 0
NODOS_INICIALES : 1
NODOS_TERMINO : 1
LISTA_ARISTAS_REQ : 
uni 31886 31837 127.58 0
uni 31905 31892 69.70 0
uni 31947 31886 59.72 0
uni 31951 31905 112.94 0
uni 31965 31951 93.54 0
uni 31837 31972 32.96 0
uni 31983 31965 56.59 0
uni 31972 31983 98.18 0
uni 31991 31837 100.95 0
uni 31995 32005 92.80 0
uni 32004 31991 117.73 0
uni 32005 32004 91.29 0
uni 32006 31947 81.67 0
uni 32057 32006 91.60 0
uni 32144 32057 93.31 0
uni 31837 32165 144.96 0
uni 32211 32144 141.89 0
uni 32165 32253 130.20 0
uni 32288 32211 99.00 0
uni 32353 32288 112.62 0
uni 32518 32353 109.13 0
uni 32253 32518 62.55 0
uni 32619 32518 76.85 0
uni 32709 32619 125.30 0
uni 32518 32733 59.98 0
uni 32885 32709 175.04 0
uni 32733 32885 11.42 0
uni 31892 48797 44.11 0
bi 31930 31995 122.99 0
bi 31994 31930 77.92 0
bi 32046 31994 63.29 0
bi 32106 32005 130.36 0
bi 32107 32046 81.81 0
bi 32119 32004 119.91 0
bi 32106 32119 129.54 0
bi 32136 31991 126.25 0
bi 32119 32136 147.12 0
bi 32148 51522 173.52 0
bi 32136 32148 88.91 0
bi 32148 32165 121.12 0
bi 32188 32107 135.01 0
bi 32199 32106 150.11 0
bi 32216 32256 89.19 0
bi 32199 32253 121.79 0
bi 32255 32199 83.55 0
bi 32256 32255 103.01 0
bi 32270 32188 107.12 0
bi 32344 32270 86.86 0
bi 32430 32344 114.54 0
bi 32434 32256 111.71 0
bi 32430 32434 94.16 0
bi 32440 51539 107.66 0
bi 32434 32440 89.43 0
bi 32449 51540 64.92 0
bi 32440 32449 87.74 0
bi 32460 32255 114.61 0
bi 32449 32460 169.95 0
bi 32460 32490 147.10 0
bi 32490 32501 116.22 0
bi 32501 32519 68.59 0
bi 32517 32430 91.36 0
bi 32519 32518 12.54 0
bi 32603 32517 83.03 0
bi 32657 32490 96.21 0
bi 32658 32657 99.63 0
bi 32657 51553 95.39 0
bi 32673 32434 75.95 0
bi 32676 32519 80.59 0
bi 32677 32676 102.24 0
bi 32676 51556 56.57 0
bi 32684 32603 72.66 0
bi 32700 32460 114.30 0
bi 32673 32700 118.04 0
bi 32700 32719 67.11 0
bi 32718 32501 85.35 0
bi 32719 32718 103.36 0
bi 32718 32734 147.85 0
bi 32734 32733 126.50 0
bi 32751 32684 109.27 0
bi 32776 32700 112.81 0
bi 32777 32776 106.68 0
bi 32826 32751 94.26 0
bi 32896 32885 81.58 0
bi 32896 32734 127.41 0
bi 32902 32896 140.72 0
bi 32902 32719 85.09 0
bi 32912 32902 146.41 0
bi 32912 32776 150.79 0
bi 32917 32826 120.21 0
bi 32917 32912 129.19 0
bi 32440 52814 118.35 0
bi 31995 48797 103.68 0
LISTA_ARISTAS_NOREQ : 
CORDENADAS_NODOS :  
uni 31886 31837 24.24
uni 31905 31892 47.06
uni 31947 31886 32.86
uni 31951 31905 74.03
uni 31965 31951 48.11
uni 31837 31972 152.08
uni 31983 31965 41.36
uni 31972 31983 41.63
uni 31991 31837 149.58
uni 31995 32005 193.20
uni 31886 31837 24.24
uni 31905 31892 47.06
uni 31947 31886 32.86
uni 31951 31905 74.03
uni 31965 31951 48.11
uni 31837 31972 152.08
uni 31983 31965 41.36
uni 31972 31983 41.63
uni 31991 31837 149.58
uni 31995 32005 193.20
uni 31886 31837 24.24
uni 31905 31892 47.06
uni 31947 31886 32.86
uni 31951 31905 74.03
uni 31965 31951 48.11
uni 31837 31972 152.08
uni 31983 31965 41.36
uni 31972 31983 41.63
uni 31991 31837 149.58
uni 31995 32005 193.20
uni 31886 31837 24.24
uni 31905 31892 47.06
uni 31947 31886 32.86
uni 31951 31905 74.03
uni 31965 31951 48.11
uni 31837 31972 152.08
uni 31983 31965 41.36
uni 31972 31983 41.63
uni 31991 31837 149.58
uni 31995 32005 193.20
uni 31886 31837 24.24
uni 31905 31892 47.06
uni 31947 31886 32.86
uni 31951 31905 74.03
uni 31965 31951 48.11
uni 31837 31972 152.08
uni 31983 31965 41.36
uni 31972 31983 41.63
uni 31991 31837 149.58
uni 31995 32005 193.20
uni 31886 31837 24.24
uni 31905 31892 47.06
uni 31947 31886 32.86
uni 31951 31905 74.03
uni 31965 31951 48.11
uni 31837 31972 152.08
uni 31983 31965 41.36
uni 31972 31983 41.63
uni 31991 31837 149.58
uni 31995 32005 193.20
uni 31886 31837 24.24
uni 31905 31892 47.06
uni 31947 31886 32.86
uni 31951 31905 74.03
uni 31965 31951 48.11
uni 31965 31951 48.11
uni 31837 31972 152.08
uni 31983 31965 41.36
uni 31972 31983 41.63
uni 31991 31837 149.58
uni 31995 32005 193.20
uni 31837 31972 152.08
uni 31983 31965 41.36
uni 31972 31983 41.63
uni 31991 31837 149.58
uni 31995 32005 193.20
RESTRICCIONES :
NODOS_INICIALES:
31837
NODOS_TERMINO:
31965