NOMBRE : Renca Mediano
COMENTARIO : Caso real 2
VERTICES : 76
ARISTAS_REQ : 92
ARISTAS_NOREQ : 0
RESTRICCIONES : 0
NODOS_INICIALES : 1
NODOS_TERMINO : 1
LISTA_ARISTAS_REQ : 
uni 31886 31837 137.60 0
uni 31905 31892 193.20 0
uni 31947 31886 70.94 0
uni 31951 31905 193.20 0
uni 31965 31951 113.39 0
uni 31837 31972 114.93 0
uni 31983 31965 193.20 0
uni 31972 31983 158.44 0
uni 31991 31837 193.20 0
uni 31995 32005 127.18 0
uni 32004 31991 99.67 0
uni 32005 32004 150.85 0
uni 32006 31947 193.20 0
uni 32057 32006 78.52 0
uni 32144 32057 193.20 0
uni 31837 32165 85.81 0
uni 32211 32144 193.20 0
uni 32165 32253 30.15 0
uni 32288 32211 46.65 0
uni 32353 32288 193.20 0
uni 32518 32353 60.93 0
uni 32253 32518 193.20 0
uni 32619 32518 193.20 0
uni 32709 32619 100.69 0
uni 32518 32733 193.20 0
uni 32885 32709 54.89 0
uni 32733 32885 193.20 0
uni 31892 48797 193.20 0
bi 31930 31995 193.20 0
bi 31994 31930 193.20 0
bi 32046 31994 193.20 0
bi 32106 32005 32.84 0
bi 32107 32046 184.90 0
bi 32119 32004 187.64 0
bi 32106 32119 58.31 0
bi 32136 31991 193.20 0
bi 32119 32136 193.20 0
bi 32148 51522 11.42 0
bi 32136 32148 122.18 0
bi 32148 32165 107.54 0
bi 32188 32107 16.60 0
bi 32199 32106 92.99 0
bi 32216 32256 96.61 0
bi 32199 32253 82.37 0
bi 32255 32199 49.69 0
bi 32256 32255 82.14 0
bi 32270 32188 186.93 0
bi 32344 32270 130.77 0
bi 32430 32344 186.23 0
bi 32434 32256 193.20 0
bi 32430 32434 193.20 0
bi 32440 51539 64.01 0
bi 32434 32440 193.20 0
bi 32449 51540 137.19 0
bi 32440 32449 162.11 0
bi 32460 32255 193.20 0
bi 32449 32460 182.26 0
bi 32460 32490 11.42 0
bi 32490 32501 114.30 0
bi 32501 32519 149.94 0
bi 32517 32430 193.20 0
bi 32519 32518 120.88 0
bi 32603 32517 193.20 0
bi 32657 32490 154.17 0
bi 32658 32657 78.55 0
bi 32657 51553 128.09 0
bi 32673 32434 93.97 0
bi 32676 32519 193.20 0
bi 32677 32676 193.20 0
bi 32676 51556 135.36 0
bi 32684 32603 70.34 0
bi 32700 32460 193.20 0
bi 32673 32700 57.77 0
bi 32700 32719 149.64 0
bi 32718 32501 127.91 0
bi 32719 32718 162.61 0
bi 32718 32734 193.20 0
bi 32734 32733 193.20 0
bi 32751 32684 193.20 0
bi 32776 32700 144.22 0
bi 32777 32776 102.90 0
bi 32826 32751 140.63 0
bi 32896 32885 193.20 0
bi 32896 32734 168.55 0
bi 32902 32896 138.38 0
bi 32902 32719 110.86 0
bi 32912 32902 168.83 0
bi 32912 32776 38.78 0
bi 32917 32826 67.68 0
bi 32917 32912 113.15 0
bi 32440 52814 193.20 0
bi 31995 48797 129.02 0
LISTA_ARISTAS_NOREQ : 
CORDENADAS_NODOS :  
uni 31886 31837 24.24
uni 31905 31892 47.06
uni 31947 31886 32.86
uni 31951 31905 74.03
uni 31965 31951 48.11
uni 31837 31972 152.08
uni 31983 31965 41.36
uni 31972 31983 41.63
uni 31991 31837 149.58
uni 31995 32005 193.20
uni 31886 31837 24.24
uni 31905 31892 47.06
uni 31947 31886 32.86
uni 31951 31905 74.03
uni 31965 31951 48.11
uni 31837 31972 152.08
uni 31983 31965 41.36
uni 31972 31983 41.63
uni 31991 31837 149.58
uni 31995 32005 193.20
uni 31886 31837 24.24
uni 31905 31892 47.06
uni 31947 31886 32.86
uni 31951 31905 74.03
uni 31965 31951 48.11
uni 31837 31972 152.08
uni 31983 31965 41.36
uni 31972 31983 41.63
uni 31991 31837 149.58
uni 31995 32005 193.20
uni 31886 31837 24.24
uni 31905 31892 47.06
uni 31947 31886 32.86
uni 31951 31905 74.03
uni 31965 31951 48.11
uni 31837 31972 152.08
uni 31983 31965 41.36
uni 31972 31983 41.63
uni 31991 31837 149.58
uni 31995 32005 193.20
uni 31886 31837 24.24
uni 31905 31892 47.06
uni 31947 31886 32.86
uni 31951 31905 74.03
uni 31965 31951 48.11
uni 31837 31972 152.08
uni 31983 31965 41.36
uni 31972 31983 41.63
uni 31991 31837 149.58
uni 31995 32005 193.20
uni 31886 31837 24.24
uni 31905 31892 47.06
uni 31947 31886 32.86
uni 31951 31905 74.03
uni 31965 31951 48.11
uni 31837 31972 152.08
uni 31983 31965 41.36
uni 31972 31983 41.63
uni 31991 31837 149.58
uni 31995 32005 193.20
uni 31886 31837 24.24
uni 31905 31892 47.06
uni 31947 31886 32.86
uni 31951 31905 74.03
uni 31965 31951 48.11
uni 31965 31951 48.11
uni 31837 31972 152.08
uni 31983 31965 41.36
uni 31972 31983 41.63
uni 31991 31837 149.58
uni 31995 32005 193.20
uni 31837 31972 152.08
uni 31983 31965 41.36
uni 31972 31983 41.63
uni 31991 31837 149.58
uni 31995 32005 193.20
RESTRICCIONES :
NODOS_INICIALES:
31837
NODOS_TERMINO:
31965