NOMBRE : Renca Mediano
COMENTARIO : Caso real 2
VERTICES : 76
ARISTAS_REQ : 92
ARISTAS_NOREQ : 0
RESTRICCIONES : 0
NODOS_INICIALES : 1
NODOS_TERMINO : 1
LISTA_ARISTAS_REQ : 
uni 31886 31837 193.20 0
uni 31905 31892 193.20 0
uni 31947 31886 72.83 0
uni 31951 31905 89.84 0
uni 31965 31951 97.38 0
uni 31837 31972 193.20 0
uni 31983 31965 49.14 0
uni 31972 31983 193.20 0
uni 31991 31837 86.66 0
uni 31995 32005 127.30 0
uni 32004 31991 193.20 0
uni 32005 32004 193.20 0
uni 32006 31947 102.07 0
uni 32057 32006 193.20 0
uni 32144 32057 156.32 0
uni 31837 32165 193.20 0
uni 32211 32144 105.30 0
uni 32165 32253 193.20 0
uni 32288 32211 193.20 0
uni 32353 32288 116.17 0
uni 32518 32353 193.20 0
uni 32253 32518 26.80 0
uni 32619 32518 174.48 0
uni 32709 32619 193.20 0
uni 32518 32733 152.10 0
uni 32885 32709 193.20 0
uni 32733 32885 37.68 0
uni 31892 48797 106.68 0
bi 31930 31995 193.20 0
bi 31994 31930 74.87 0
bi 32046 31994 193.20 0
bi 32106 32005 37.56 0
bi 32107 32046 102.95 0
bi 32119 32004 193.20 0
bi 32106 32119 88.72 0
bi 32136 31991 193.20 0
bi 32119 32136 193.20 0
bi 32148 51522 193.20 0
bi 32136 32148 144.76 0
bi 32148 32165 193.20 0
bi 32188 32107 141.46 0
bi 32199 32106 97.41 0
bi 32216 32256 101.27 0
bi 32199 32253 193.20 0
bi 32255 32199 130.39 0
bi 32256 32255 193.20 0
bi 32270 32188 169.02 0
bi 32344 32270 193.20 0
bi 32430 32344 36.87 0
bi 32434 32256 80.81 0
bi 32430 32434 87.28 0
bi 32440 51539 193.20 0
bi 32434 32440 193.20 0
bi 32449 51540 193.20 0
bi 32440 32449 158.24 0
bi 32460 32255 107.24 0
bi 32449 32460 51.00 0
bi 32460 32490 193.20 0
bi 32490 32501 193.20 0
bi 32501 32519 85.55 0
bi 32517 32430 78.53 0
bi 32519 32518 118.37 0
bi 32603 32517 193.20 0
bi 32657 32490 50.39 0
bi 32658 32657 110.52 0
bi 32657 51553 129.38 0
bi 32673 32434 193.20 0
bi 32676 32519 178.83 0
bi 32677 32676 117.17 0
bi 32676 51556 101.27 0
bi 32684 32603 129.13 0
bi 32700 32460 193.20 0
bi 32673 32700 193.20 0
bi 32700 32719 113.92 0
bi 32718 32501 193.20 0
bi 32719 32718 169.50 0
bi 32718 32734 193.20 0
bi 32734 32733 193.20 0
bi 32751 32684 193.20 0
bi 32776 32700 193.20 0
bi 32777 32776 44.58 0
bi 32826 32751 183.26 0
bi 32896 32885 129.72 0
bi 32896 32734 86.45 0
bi 32902 32896 193.20 0
bi 32902 32719 193.20 0
bi 32912 32902 116.91 0
bi 32912 32776 69.42 0
bi 32917 32826 193.20 0
bi 32917 32912 193.20 0
bi 32440 52814 102.86 0
bi 31995 48797 19.37 0
LISTA_ARISTAS_NOREQ : 
CORDENADAS_NODOS :  
uni 31886 31837 24.24
uni 31905 31892 47.06
uni 31947 31886 32.86
uni 31951 31905 74.03
uni 31965 31951 48.11
uni 31837 31972 152.08
uni 31983 31965 41.36
uni 31972 31983 41.63
uni 31991 31837 149.58
uni 31995 32005 193.20
uni 31886 31837 24.24
uni 31905 31892 47.06
uni 31947 31886 32.86
uni 31951 31905 74.03
uni 31965 31951 48.11
uni 31837 31972 152.08
uni 31983 31965 41.36
uni 31972 31983 41.63
uni 31991 31837 149.58
uni 31995 32005 193.20
uni 31886 31837 24.24
uni 31905 31892 47.06
uni 31947 31886 32.86
uni 31951 31905 74.03
uni 31965 31951 48.11
uni 31837 31972 152.08
uni 31983 31965 41.36
uni 31972 31983 41.63
uni 31991 31837 149.58
uni 31995 32005 193.20
uni 31886 31837 24.24
uni 31905 31892 47.06
uni 31947 31886 32.86
uni 31951 31905 74.03
uni 31965 31951 48.11
uni 31837 31972 152.08
uni 31983 31965 41.36
uni 31972 31983 41.63
uni 31991 31837 149.58
uni 31995 32005 193.20
uni 31886 31837 24.24
uni 31905 31892 47.06
uni 31947 31886 32.86
uni 31951 31905 74.03
uni 31965 31951 48.11
uni 31837 31972 152.08
uni 31983 31965 41.36
uni 31972 31983 41.63
uni 31991 31837 149.58
uni 31995 32005 193.20
uni 31886 31837 24.24
uni 31905 31892 47.06
uni 31947 31886 32.86
uni 31951 31905 74.03
uni 31965 31951 48.11
uni 31837 31972 152.08
uni 31983 31965 41.36
uni 31972 31983 41.63
uni 31991 31837 149.58
uni 31995 32005 193.20
uni 31886 31837 24.24
uni 31905 31892 47.06
uni 31947 31886 32.86
uni 31951 31905 74.03
uni 31965 31951 48.11
uni 31965 31951 48.11
uni 31837 31972 152.08
uni 31983 31965 41.36
uni 31972 31983 41.63
uni 31991 31837 149.58
uni 31995 32005 193.20
uni 31837 31972 152.08
uni 31983 31965 41.36
uni 31972 31983 41.63
uni 31991 31837 149.58
uni 31995 32005 193.20
RESTRICCIONES :
NODOS_INICIALES:
31837
NODOS_TERMINO:
31965