NOMBRE : Instancia real grande
COMENTARIO : caso real 
VERTICES : 204 
ARISTAS_REQ : 293
ARISTAS_NOREQ : 0 
RESTRICCIONES : 0 
NODOS_INICIALES : 1 
NODOS_TERMINO : 1 
LISTA_ARISTAS_REQ : 
uni 31492 31752 222.89 1
uni 31752 31766 156.49 1
uni 31766 31794 28.42 1
uni 31773 31492 132.88 1
uni 31793 31773 222.89 1
uni 31794 31809 89.97 1
uni 31809 31826 222.89 1
uni 31818 31793 222.89 1
uni 31826 31818 36.40 1
uni 31829 31818 106.49 1
uni 31849 31829 222.89 1
uni 31871 31849 222.89 1
uni 31886 31837 222.89 1
uni 48797 31871 32.76 1
uni 31818 31995 164.91 1
uni 31905 31892 182.50 1
uni 31947 31886 160.93 1
uni 31951 31905 222.89 1
uni 31965 31951 222.89 1
uni 31837 31972 222.89 1
uni 31983 31965 124.28 1
uni 31972 31983 222.89 1
uni 31991 31837 121.49 1
uni 31995 32005 222.89 1
uni 32004 31991 217.68 1
uni 32005 32004 202.44 1
uni 32006 31947 100.19 1
uni 32057 32006 222.89 1
uni 32144 32057 222.89 1
uni 31837 32165 112.61 1
uni 32211 32144 62.01 1
uni 32165 32253 222.89 1
uni 32288 32211 84.06 1
uni 32353 32288 179.63 1
uni 32518 32353 162.26 1
uni 32253 32518 187.13 1
uni 32619 32518 154.17 1
uni 32709 32619 222.89 1
uni 32518 32733 130.97 1
uni 32815 32735 222.89 1
uni 32885 32709 222.89 1
uni 32733 32885 99.86 1
uni 32887 32815 157.05 1
uni 32887 47103 222.89 1
bi 32735 47103 222.89 1
uni 31892 48797 53.63 1
bi 31833 31492 192.97 1
bi 31840 31794 26.45 1
bi 31850 31818 161.77 1
bi 31840 31850 222.89 1
bi 31853 31752 222.89 1
bi 31833 31853 32.93 1
bi 31902 31840 222.89 1
bi 31913 31850 149.05 1
bi 31902 31913 222.89 1
bi 31920 51511 38.24 1
bi 31930 31995 70.04 1
bi 31913 31930 218.40 1
bi 31931 31853 222.89 1
bi 31920 31931 222.89 1
bi 31936 31920 131.36 1
bi 31937 31766 145.22 1
bi 31931 31937 222.89 1
bi 31941 31902 75.30 1
bi 31937 31941 179.66 1
bi 31973 31941 222.89 1
bi 31973 31982 222.89 1
bi 31981 31913 162.61 1
bi 31982 31981 222.89 1
bi 31984 31833 222.89 1
bi 31994 31930 112.52 1
bi 31981 31994 90.34 1
bi 32011 31931 222.89 1
bi 31984 32011 222.89 1
bi 32035 31973 222.89 1
bi 32041 31982 222.89 1
bi 32035 32041 222.89 1
bi 32044 31981 220.18 1
bi 32041 32044 85.32 1
bi 32046 31994 222.89 1
bi 32044 32046 136.27 1
bi 32068 32011 99.32 1
bi 32072 31937 58.88 1
bi 32068 32072 222.89 1
bi 32086 32035 222.89 1
bi 32072 32086 194.49 1
bi 32095 32041 222.89 1
bi 32086 32095 206.53 1
bi 32101 32044 77.55 1
bi 32095 32101 222.89 1
bi 32106 32005 168.63 1
bi 32107 32046 222.89 1
bi 32101 32107 163.48 1
bi 32119 32004 52.11 1
bi 32106 32119 222.89 1
bi 32125 31984 153.56 1
bi 32136 31991 174.59 1
bi 32119 32136 45.34 1
bi 32138 32068 71.54 1
bi 32139 32138 169.83 1
bi 32148 51522 222.89 1
bi 32136 32148 183.57 1
bi 32148 32165 58.82 1
bi 32166 32086 222.89 1
bi 32173 32095 218.02 1
bi 32166 32173 222.89 1
bi 32177 32101 181.79 1
bi 32173 32177 222.89 1
bi 32188 32107 222.89 1
bi 32177 32188 222.89 1
bi 32199 32106 151.08 1
bi 32216 32256 222.89 1
bi 32217 32139 180.75 1
bi 32226 32138 114.28 1
bi 32217 32226 222.89 1
bi 32240 32072 222.89 1
bi 32243 32166 79.22 1
bi 32240 32243 55.07 1
bi 32243 32248 222.89 1
bi 32247 32173 34.53 1
bi 32248 32247 117.64 1
bi 32199 32253 222.89 1
bi 32255 32199 222.89 1
bi 32256 32255 154.89 1
bi 32263 32177 67.74 1
bi 32247 32263 5.04 1
bi 32263 32271 66.54 1
bi 32270 32188 62.40 1
bi 32271 32270 194.48 1
bi 32303 32217 102.77 1
bi 32304 51531 82.42 1
bi 32303 32304 139.53 1
bi 32308 51533 151.43 1
bi 32311 32226 57.31 1
bi 32308 32311 155.29 1
bi 32314 32304 222.89 1
bi 32317 32308 212.67 1
bi 32323 32248 169.01 1
bi 32332 32263 222.89 1
bi 32323 32332 47.20 1
bi 32341 32271 222.89 1
bi 32332 32341 144.58 1
bi 32344 32270 222.89 1
bi 32341 32344 100.72 1
bi 32393 32303 130.20 1
bi 32405 32311 136.94 1
bi 32393 32405 222.89 1
bi 32408 32240 222.89 1
bi 32405 32408 26.04 1
bi 32409 32243 222.89 1
bi 32408 32409 222.89 1
bi 32413 32323 20.15 1
bi 32409 32413 222.89 1
bi 32413 32421 222.89 1
bi 32420 32332 101.59 1
bi 32421 32420 82.34 1
bi 32420 32425 139.46 1
bi 32424 32341 222.89 1
bi 32425 32424 222.89 1
bi 32430 32344 54.17 1
bi 32424 32430 144.05 1
bi 32434 32256 179.90 1
bi 32430 32434 131.32 1
bi 32440 51539 222.89 1
bi 32434 32440 222.89 1
bi 32449 51540 134.89 1
bi 32440 32449 37.03 1
bi 32460 32255 215.77 1
bi 32449 32460 222.89 1
bi 32460 32490 115.56 1
bi 32475 32393 45.47 1
bi 32481 51542 89.14 1
bi 32475 32481 222.89 1
bi 32482 51543 222.89 1
bi 32485 32405 179.85 1
bi 32482 32485 222.89 1
bi 32490 32501 95.82 1
bi 32494 32481 141.79 1
bi 32496 32482 222.89 1
bi 32497 32421 222.89 1
bi 32501 32519 98.56 1
bi 32506 32420 149.52 1
bi 32497 32506 139.75 1
bi 32513 32424 144.10 1
bi 32517 32430 77.89 1
bi 32513 32517 71.86 1
bi 32519 32518 222.89 1
bi 32554 32475 222.89 1
bi 32554 32560 80.25 1
bi 32559 32485 55.38 1
bi 32560 32559 160.00 1
bi 32562 32408 170.09 1
bi 32559 32562 222.89 1
bi 32565 32409 84.20 1
bi 32562 32565 24.77 1
bi 32569 32413 222.89 1
bi 32565 32569 222.89 1
bi 32574 32497 158.49 1
bi 32569 32574 48.03 1
bi 32583 32506 222.89 1
bi 32574 32583 222.89 1
bi 32585 32425 138.01 1
bi 32583 32585 202.36 1
bi 32591 32513 222.89 1
bi 32585 32591 150.13 1
bi 32603 32517 222.89 1
bi 32591 32603 152.90 1
bi 32657 32490 194.62 1
bi 32658 32657 210.19 1
bi 32657 51553 222.89 1
bi 32660 32565 222.89 1
bi 32668 32574 108.49 1
bi 32660 32668 120.60 1
bi 32672 32583 222.89 1
bi 32668 32672 116.78 1
bi 32673 32434 222.89 1
bi 32676 32519 95.09 1
bi 32677 32676 210.50 1
bi 32678 32591 219.95 1
bi 32672 32678 192.02 1
bi 32676 51556 76.12 1
bi 32684 32603 181.36 1
bi 32678 32684 17.57 1
bi 32700 32460 222.89 1
bi 32673 32700 33.53 1
bi 32700 32719 222.89 1
bi 32718 32501 128.59 1
bi 32719 32718 153.27 1
bi 32718 32734 222.89 1
bi 32722 32562 192.40 1
bi 32724 32660 51.38 1
bi 32722 32724 207.53 1
bi 32729 32722 153.88 1
bi 32729 32559 222.89 1
bi 32734 32733 34.58 1
bi 32735 32554 109.35 1
bi 32739 32668 88.71 1
bi 32724 32739 61.34 1
bi 32740 32560 222.89 1
bi 32735 32740 130.52 1
bi 32740 32729 72.34 1
bi 32742 32672 222.89 1
bi 32739 32742 53.35 1
bi 32746 32678 163.97 1
bi 32742 32746 179.87 1
bi 32751 32684 222.89 1
bi 32746 32751 130.41 1
bi 32763 32722 218.05 1
bi 32769 32739 176.41 1
bi 32773 51563 222.89 1
bi 32776 32700 209.94 1
bi 32777 32776 54.11 1
bi 32794 51566 133.38 1
bi 32811 51567 189.96 1
bi 32811 32729 213.65 1
bi 32812 51563 75.39 1
bi 32819 32742 222.89 1
bi 32812 32819 108.52 1
bi 32815 32811 178.89 1
bi 32823 51566 49.25 1
bi 32826 32751 115.88 1
bi 32823 32826 222.89 1
bi 32850 32773 39.96 1
bi 32852 32812 135.36 1
bi 32850 32852 222.89 1
bi 32858 32794 175.16 1
bi 32860 32823 222.89 1
bi 32858 32860 125.88 1
bi 32892 32811 222.89 1
bi 32887 32892 222.89 1
bi 32895 51567 202.55 1
bi 32892 32895 177.61 1
bi 32896 32885 170.57 1
bi 32896 32734 222.89 1
bi 32897 32724 76.96 1
bi 32895 32897 222.89 1
bi 32901 32852 222.89 1
bi 32897 32901 144.86 1
bi 32902 32896 222.89 1
bi 32902 32719 4.84 1
bi 32910 32819 222.89 1
bi 32901 32910 94.16 1
bi 32912 32902 222.89 1
bi 32912 32776 222.89 1
bi 32913 32860 222.89 1
bi 32910 32913 189.52 1
bi 32917 32826 222.89 1
bi 32913 32917 222.89 1
bi 32917 32912 222.89 1
bi 32440 52814 222.89 1
bi 32125 32139 222.89 1
bi 31995 48797 29.04 1
bi 48797 31995 173.60 1
LISTA_ARISTAS_NOREQ :
CORDENADAS_NODOS :
1 1
1 1
1 1
1 1
1 1
1 1
1 1
1 1
1 1
1 1
1 1
1 1
1 1
1 1
1 1
1 1
1 1
1 1
1 1
1 1
1 1
1 1
1 1
1 1
1 1
1 1
1 1
1 1
1 1
1 1
1 1
1 1
1 1
1 1
1 1
1 1
1 1
1 1
1 1
1 1
1 1
1 1
1 1
1 1
1 1
1 1
1 1
1 1
1 1
1 1
1 1
1 1
1 1
1 1
1 1
1 1
1 1
1 1
1 1
1 1
1 1
1 1
1 1
1 1
1 1
1 1
1 1
1 1
1 1
1 1
1 1
1 1
1 1
1 1
1 1
1 1
1 1
1 1
1 1
1 1
1 1
1 1
1 1
1 1
1 1
1 1
1 1
1 1
1 1
1 1
1 1
1 1
1 1
1 1
1 1
1 1
1 1
1 1
1 1
1 1
1 1
1 1
1 1
1 1
1 1
1 1
1 1
1 1
1 1
1 1
1 1
1 1
1 1
1 1
1 1
1 1
1 1
1 1
1 1
1 1
1 1
1 1
1 1
1 1
1 1
1 1
1 1
1 1
1 1
1 1
1 1
1 1
1 1
1 1
1 1
1 1
1 1
1 1
1 1
1 1
1 1
1 1
1 1
1 1
1 1
1 1
1 1
1 1
1 1
1 1
1 1
1 1
1 1
1 1
1 1
1 1
1 1
1 1
1 1
1 1
1 1
1 1
1 1
1 1
1 1
1 1
1 1
1 1
1 1
1 1
1 1
1 1
1 1
1 1
1 1
1 1
1 1
1 1
1 1
1 1
1 1
1 1
1 1
1 1
1 1
1 1
1 1
1 1
1 1
1 1
1 1
1 1
1 1
1 1
1 1
1 1
1 1
1 1
1 1
1 1
1 1
1 1
1 1
1 1
RESTRICCIONES :
NODOS_INICIALES:
31837
NODOS_TERMINO:
31492