NOMBRE : Instancia real grande
COMENTARIO : caso real 
VERTICES : 204 
ARISTAS_REQ : 293
ARISTAS_NOREQ : 0 
RESTRICCIONES : 0 
NODOS_INICIALES : 1 
NODOS_TERMINO : 1 
LISTA_ARISTAS_REQ : 
uni 31492 31752 222.89 1
uni 31752 31766 81.53 1
uni 31766 31794 81.87 1
uni 31773 31492 176.64 1
uni 31793 31773 222.89 1
uni 31794 31809 222.89 1
uni 31809 31826 222.89 1
uni 31818 31793 113.02 1
uni 31826 31818 208.82 1
uni 31829 31818 173.51 1
uni 31849 31829 222.89 1
uni 31871 31849 222.89 1
uni 31886 31837 93.69 1
uni 48797 31871 189.41 1
uni 31818 31995 201.39 1
uni 31905 31892 222.89 1
uni 31947 31886 22.80 1
uni 31951 31905 123.98 1
uni 31965 31951 222.89 1
uni 31837 31972 222.89 1
uni 31983 31965 125.97 1
uni 31972 31983 66.47 1
uni 31991 31837 38.63 1
uni 31995 32005 204.62 1
uni 32004 31991 188.84 1
uni 32005 32004 222.89 1
uni 32006 31947 161.49 1
uni 32057 32006 116.46 1
uni 32144 32057 222.89 1
uni 31837 32165 222.89 1
uni 32211 32144 222.89 1
uni 32165 32253 212.11 1
uni 32288 32211 38.49 1
uni 32353 32288 222.89 1
uni 32518 32353 183.14 1
uni 32253 32518 222.89 1
uni 32619 32518 222.89 1
uni 32709 32619 222.89 1
uni 32518 32733 132.61 1
uni 32815 32735 222.89 1
uni 32885 32709 209.33 1
uni 32733 32885 139.51 1
uni 32887 32815 191.63 1
uni 32887 47103 151.49 1
bi 32735 47103 185.54 1
uni 31892 48797 210.73 1
bi 31833 31492 114.73 1
bi 31840 31794 222.89 1
bi 31850 31818 166.33 1
bi 31840 31850 57.18 1
bi 31853 31752 54.74 1
bi 31833 31853 168.98 1
bi 31902 31840 222.89 1
bi 31913 31850 222.89 1
bi 31902 31913 63.20 1
bi 31920 51511 128.65 1
bi 31930 31995 222.89 1
bi 31913 31930 222.89 1
bi 31931 31853 222.89 1
bi 31920 31931 102.11 1
bi 31936 31920 93.45 1
bi 31937 31766 196.52 1
bi 31931 31937 222.89 1
bi 31941 31902 194.46 1
bi 31937 31941 222.89 1
bi 31973 31941 222.89 1
bi 31973 31982 222.89 1
bi 31981 31913 129.51 1
bi 31982 31981 222.89 1
bi 31984 31833 104.48 1
bi 31994 31930 222.89 1
bi 31981 31994 85.25 1
bi 32011 31931 222.89 1
bi 31984 32011 200.22 1
bi 32035 31973 222.89 1
bi 32041 31982 183.74 1
bi 32035 32041 54.83 1
bi 32044 31981 144.51 1
bi 32041 32044 222.89 1
bi 32046 31994 222.89 1
bi 32044 32046 222.89 1
bi 32068 32011 132.99 1
bi 32072 31937 222.89 1
bi 32068 32072 213.90 1
bi 32086 32035 222.89 1
bi 32072 32086 102.23 1
bi 32095 32041 222.89 1
bi 32086 32095 206.23 1
bi 32101 32044 222.89 1
bi 32095 32101 155.09 1
bi 32106 32005 63.01 1
bi 32107 32046 221.15 1
bi 32101 32107 221.51 1
bi 32119 32004 51.23 1
bi 32106 32119 130.53 1
bi 32125 31984 122.96 1
bi 32136 31991 222.89 1
bi 32119 32136 178.32 1
bi 32138 32068 158.25 1
bi 32139 32138 32.80 1
bi 32148 51522 58.43 1
bi 32136 32148 126.96 1
bi 32148 32165 20.30 1
bi 32166 32086 222.89 1
bi 32173 32095 222.89 1
bi 32166 32173 222.89 1
bi 32177 32101 84.43 1
bi 32173 32177 88.02 1
bi 32188 32107 83.72 1
bi 32177 32188 102.11 1
bi 32199 32106 133.48 1
bi 32216 32256 174.29 1
bi 32217 32139 85.98 1
bi 32226 32138 222.89 1
bi 32217 32226 106.56 1
bi 32240 32072 222.89 1
bi 32243 32166 15.05 1
bi 32240 32243 170.00 1
bi 32243 32248 178.20 1
bi 32247 32173 62.83 1
bi 32248 32247 163.26 1
bi 32199 32253 133.42 1
bi 32255 32199 135.04 1
bi 32256 32255 222.89 1
bi 32263 32177 222.89 1
bi 32247 32263 179.91 1
bi 32263 32271 222.89 1
bi 32270 32188 222.89 1
bi 32271 32270 222.89 1
bi 32303 32217 222.89 1
bi 32304 51531 222.89 1
bi 32303 32304 222.89 1
bi 32308 51533 222.89 1
bi 32311 32226 118.44 1
bi 32308 32311 222.89 1
bi 32314 32304 222.89 1
bi 32317 32308 139.41 1
bi 32323 32248 222.89 1
bi 32332 32263 222.89 1
bi 32323 32332 49.91 1
bi 32341 32271 35.77 1
bi 32332 32341 217.10 1
bi 32344 32270 96.66 1
bi 32341 32344 54.14 1
bi 32393 32303 102.72 1
bi 32405 32311 193.36 1
bi 32393 32405 54.53 1
bi 32408 32240 222.89 1
bi 32405 32408 149.02 1
bi 32409 32243 222.89 1
bi 32408 32409 56.84 1
bi 32413 32323 170.79 1
bi 32409 32413 222.89 1
bi 32413 32421 222.89 1
bi 32420 32332 64.54 1
bi 32421 32420 44.08 1
bi 32420 32425 112.04 1
bi 32424 32341 148.09 1
bi 32425 32424 72.17 1
bi 32430 32344 222.89 1
bi 32424 32430 91.11 1
bi 32434 32256 193.99 1
bi 32430 32434 173.98 1
bi 32440 51539 177.74 1
bi 32434 32440 99.62 1
bi 32449 51540 61.65 1
bi 32440 32449 222.89 1
bi 32460 32255 156.06 1
bi 32449 32460 149.22 1
bi 32460 32490 222.89 1
bi 32475 32393 78.66 1
bi 32481 51542 65.02 1
bi 32475 32481 222.89 1
bi 32482 51543 144.86 1
bi 32485 32405 127.40 1
bi 32482 32485 24.82 1
bi 32490 32501 222.89 1
bi 32494 32481 81.61 1
bi 32496 32482 222.89 1
bi 32497 32421 222.89 1
bi 32501 32519 67.65 1
bi 32506 32420 222.89 1
bi 32497 32506 222.89 1
bi 32513 32424 78.48 1
bi 32517 32430 222.89 1
bi 32513 32517 207.94 1
bi 32519 32518 222.89 1
bi 32554 32475 202.75 1
bi 32554 32560 163.84 1
bi 32559 32485 102.74 1
bi 32560 32559 158.38 1
bi 32562 32408 179.48 1
bi 32559 32562 80.47 1
bi 32565 32409 201.90 1
bi 32562 32565 138.89 1
bi 32569 32413 209.65 1
bi 32565 32569 217.10 1
bi 32574 32497 181.82 1
bi 32569 32574 196.43 1
bi 32583 32506 222.89 1
bi 32574 32583 170.56 1
bi 32585 32425 222.89 1
bi 32583 32585 153.13 1
bi 32591 32513 193.76 1
bi 32585 32591 222.89 1
bi 32603 32517 106.38 1
bi 32591 32603 222.89 1
bi 32657 32490 4.84 1
bi 32658 32657 222.89 1
bi 32657 51553 222.89 1
bi 32660 32565 140.96 1
bi 32668 32574 42.29 1
bi 32660 32668 184.18 1
bi 32672 32583 222.89 1
bi 32668 32672 75.48 1
bi 32673 32434 25.50 1
bi 32676 32519 69.49 1
bi 32677 32676 179.43 1
bi 32678 32591 208.06 1
bi 32672 32678 222.89 1
bi 32676 51556 222.89 1
bi 32684 32603 121.61 1
bi 32678 32684 134.19 1
bi 32700 32460 115.68 1
bi 32673 32700 222.89 1
bi 32700 32719 188.80 1
bi 32718 32501 160.32 1
bi 32719 32718 184.22 1
bi 32718 32734 222.89 1
bi 32722 32562 222.89 1
bi 32724 32660 222.89 1
bi 32722 32724 150.23 1
bi 32729 32722 184.91 1
bi 32729 32559 222.89 1
bi 32734 32733 222.89 1
bi 32735 32554 222.89 1
bi 32739 32668 222.89 1
bi 32724 32739 222.89 1
bi 32740 32560 103.97 1
bi 32735 32740 89.98 1
bi 32740 32729 222.89 1
bi 32742 32672 207.38 1
bi 32739 32742 222.89 1
bi 32746 32678 222.89 1
bi 32742 32746 222.89 1
bi 32751 32684 152.59 1
bi 32746 32751 82.41 1
bi 32763 32722 50.14 1
bi 32769 32739 32.12 1
bi 32773 51563 222.89 1
bi 32776 32700 199.76 1
bi 32777 32776 222.89 1
bi 32794 51566 52.47 1
bi 32811 51567 222.89 1
bi 32811 32729 222.89 1
bi 32812 51563 133.15 1
bi 32819 32742 133.72 1
bi 32812 32819 197.88 1
bi 32815 32811 133.34 1
bi 32823 51566 222.89 1
bi 32826 32751 222.89 1
bi 32823 32826 163.50 1
bi 32850 32773 95.51 1
bi 32852 32812 222.89 1
bi 32850 32852 222.89 1
bi 32858 32794 33.09 1
bi 32860 32823 81.91 1
bi 32858 32860 120.89 1
bi 32892 32811 222.89 1
bi 32887 32892 195.51 1
bi 32895 51567 222.89 1
bi 32892 32895 221.94 1
bi 32896 32885 64.29 1
bi 32896 32734 222.89 1
bi 32897 32724 99.32 1
bi 32895 32897 184.64 1
bi 32901 32852 222.89 1
bi 32897 32901 163.05 1
bi 32902 32896 109.49 1
bi 32902 32719 175.56 1
bi 32910 32819 179.89 1
bi 32901 32910 222.89 1
bi 32912 32902 139.89 1
bi 32912 32776 203.05 1
bi 32913 32860 97.74 1
bi 32910 32913 61.26 1
bi 32917 32826 109.37 1
bi 32913 32917 222.89 1
bi 32917 32912 222.89 1
bi 32440 52814 222.89 1
bi 32125 32139 159.71 1
bi 31995 48797 222.89 1
bi 48797 31995 222.89 1
LISTA_ARISTAS_NOREQ :
CORDENADAS_NODOS :
1 1
1 1
1 1
1 1
1 1
1 1
1 1
1 1
1 1
1 1
1 1
1 1
1 1
1 1
1 1
1 1
1 1
1 1
1 1
1 1
1 1
1 1
1 1
1 1
1 1
1 1
1 1
1 1
1 1
1 1
1 1
1 1
1 1
1 1
1 1
1 1
1 1
1 1
1 1
1 1
1 1
1 1
1 1
1 1
1 1
1 1
1 1
1 1
1 1
1 1
1 1
1 1
1 1
1 1
1 1
1 1
1 1
1 1
1 1
1 1
1 1
1 1
1 1
1 1
1 1
1 1
1 1
1 1
1 1
1 1
1 1
1 1
1 1
1 1
1 1
1 1
1 1
1 1
1 1
1 1
1 1
1 1
1 1
1 1
1 1
1 1
1 1
1 1
1 1
1 1
1 1
1 1
1 1
1 1
1 1
1 1
1 1
1 1
1 1
1 1
1 1
1 1
1 1
1 1
1 1
1 1
1 1
1 1
1 1
1 1
1 1
1 1
1 1
1 1
1 1
1 1
1 1
1 1
1 1
1 1
1 1
1 1
1 1
1 1
1 1
1 1
1 1
1 1
1 1
1 1
1 1
1 1
1 1
1 1
1 1
1 1
1 1
1 1
1 1
1 1
1 1
1 1
1 1
1 1
1 1
1 1
1 1
1 1
1 1
1 1
1 1
1 1
1 1
1 1
1 1
1 1
1 1
1 1
1 1
1 1
1 1
1 1
1 1
1 1
1 1
1 1
1 1
1 1
1 1
1 1
1 1
1 1
1 1
1 1
1 1
1 1
1 1
1 1
1 1
1 1
1 1
1 1
1 1
1 1
1 1
1 1
1 1
1 1
1 1
1 1
1 1
1 1
1 1
1 1
1 1
1 1
1 1
1 1
1 1
1 1
1 1
1 1
1 1
1 1
RESTRICCIONES :
NODOS_INICIALES:
31837
NODOS_TERMINO:
31492