NOMBRE : Renca Mediano
COMENTARIO : Caso real 2
VERTICES : 76
ARISTAS_REQ : 92
ARISTAS_NOREQ : 0
RESTRICCIONES : 0
NODOS_INICIALES : 1
NODOS_TERMINO : 1
LISTA_ARISTAS_REQ : 
uni 31886 31837 106.66 0
uni 31905 31892 100.99 0
uni 31947 31886 122.61 0
uni 31951 31905 35.01 0
uni 31965 31951 107.10 0
uni 31837 31972 90.34 0
uni 31983 31965 48.36 0
uni 31972 31983 84.87 0
uni 31991 31837 135.93 0
uni 31995 32005 115.76 0
uni 32004 31991 135.60 0
uni 32005 32004 150.37 0
uni 32006 31947 120.98 0
uni 32057 32006 48.24 0
uni 32144 32057 109.18 0
uni 31837 32165 99.66 0
uni 32211 32144 115.86 0
uni 32165 32253 94.13 0
uni 32288 32211 84.73 0
uni 32353 32288 77.46 0
uni 32518 32353 124.33 0
uni 32253 32518 67.66 0
uni 32619 32518 144.98 0
uni 32709 32619 62.90 0
uni 32518 32733 70.89 0
uni 32885 32709 113.28 0
uni 32733 32885 94.66 0
uni 31892 48797 101.43 0
bi 31930 31995 161.67 0
bi 31994 31930 96.67 0
bi 32046 31994 97.09 0
bi 32106 32005 102.96 0
bi 32107 32046 102.13 0
bi 32119 32004 87.86 0
bi 32106 32119 124.33 0
bi 32136 31991 79.58 0
bi 32119 32136 91.80 0
bi 32148 51522 109.02 0
bi 32136 32148 136.38 0
bi 32148 32165 130.12 0
bi 32188 32107 32.68 0
bi 32199 32106 91.40 0
bi 32216 32256 109.53 0
bi 32199 32253 89.63 0
bi 32255 32199 117.73 0
bi 32256 32255 129.99 0
bi 32270 32188 114.34 0
bi 32344 32270 104.80 0
bi 32430 32344 132.61 0
bi 32434 32256 90.54 0
bi 32430 32434 119.98 0
bi 32440 51539 123.33 0
bi 32434 32440 193.20 0
bi 32449 51540 54.37 0
bi 32440 32449 126.41 0
bi 32460 32255 117.86 0
bi 32449 32460 122.29 0
bi 32460 32490 98.52 0
bi 32490 32501 90.52 0
bi 32501 32519 92.39 0
bi 32517 32430 161.26 0
bi 32519 32518 115.29 0
bi 32603 32517 141.92 0
bi 32657 32490 97.21 0
bi 32658 32657 80.79 0
bi 32657 51553 94.89 0
bi 32673 32434 74.73 0
bi 32676 32519 118.19 0
bi 32677 32676 88.81 0
bi 32676 51556 81.09 0
bi 32684 32603 93.97 0
bi 32700 32460 109.95 0
bi 32673 32700 68.42 0
bi 32700 32719 91.73 0
bi 32718 32501 89.94 0
bi 32719 32718 51.32 0
bi 32718 32734 49.96 0
bi 32734 32733 92.97 0
bi 32751 32684 108.59 0
bi 32776 32700 108.76 0
bi 32777 32776 107.81 0
bi 32826 32751 85.37 0
bi 32896 32885 129.12 0
bi 32896 32734 76.43 0
bi 32902 32896 66.13 0
bi 32902 32719 90.84 0
bi 32912 32902 56.87 0
bi 32912 32776 111.11 0
bi 32917 32826 72.21 0
bi 32917 32912 81.43 0
bi 32440 52814 81.76 0
bi 31995 48797 92.25 0
LISTA_ARISTAS_NOREQ : 
CORDENADAS_NODOS :  
uni 31886 31837 24.24
uni 31905 31892 47.06
uni 31947 31886 32.86
uni 31951 31905 74.03
uni 31965 31951 48.11
uni 31837 31972 152.08
uni 31983 31965 41.36
uni 31972 31983 41.63
uni 31991 31837 149.58
uni 31995 32005 193.20
uni 31886 31837 24.24
uni 31905 31892 47.06
uni 31947 31886 32.86
uni 31951 31905 74.03
uni 31965 31951 48.11
uni 31837 31972 152.08
uni 31983 31965 41.36
uni 31972 31983 41.63
uni 31991 31837 149.58
uni 31995 32005 193.20
uni 31886 31837 24.24
uni 31905 31892 47.06
uni 31947 31886 32.86
uni 31951 31905 74.03
uni 31965 31951 48.11
uni 31837 31972 152.08
uni 31983 31965 41.36
uni 31972 31983 41.63
uni 31991 31837 149.58
uni 31995 32005 193.20
uni 31886 31837 24.24
uni 31905 31892 47.06
uni 31947 31886 32.86
uni 31951 31905 74.03
uni 31965 31951 48.11
uni 31837 31972 152.08
uni 31983 31965 41.36
uni 31972 31983 41.63
uni 31991 31837 149.58
uni 31995 32005 193.20
uni 31886 31837 24.24
uni 31905 31892 47.06
uni 31947 31886 32.86
uni 31951 31905 74.03
uni 31965 31951 48.11
uni 31837 31972 152.08
uni 31983 31965 41.36
uni 31972 31983 41.63
uni 31991 31837 149.58
uni 31995 32005 193.20
uni 31886 31837 24.24
uni 31905 31892 47.06
uni 31947 31886 32.86
uni 31951 31905 74.03
uni 31965 31951 48.11
uni 31837 31972 152.08
uni 31983 31965 41.36
uni 31972 31983 41.63
uni 31991 31837 149.58
uni 31995 32005 193.20
uni 31886 31837 24.24
uni 31905 31892 47.06
uni 31947 31886 32.86
uni 31951 31905 74.03
uni 31965 31951 48.11
uni 31965 31951 48.11
uni 31837 31972 152.08
uni 31983 31965 41.36
uni 31972 31983 41.63
uni 31991 31837 149.58
uni 31995 32005 193.20
uni 31837 31972 152.08
uni 31983 31965 41.36
uni 31972 31983 41.63
uni 31991 31837 149.58
uni 31995 32005 193.20
RESTRICCIONES :
NODOS_INICIALES:
31837
NODOS_TERMINO:
31965