NOMBRE : Instancia real grande
COMENTARIO : caso real 
VERTICES : 204 
ARISTAS_REQ : 293
ARISTAS_NOREQ : 0 
RESTRICCIONES : 0 
NODOS_INICIALES : 1 
NODOS_TERMINO : 1 
LISTA_ARISTAS_REQ : 
uni 31492 31752 87.15 1
uni 31752 31766 99.87 1
uni 31766 31794 222.89 1
uni 31773 31492 38.74 1
uni 31793 31773 206.00 1
uni 31794 31809 92.27 1
uni 31809 31826 73.66 1
uni 31818 31793 65.86 1
uni 31826 31818 222.89 1
uni 31829 31818 48.34 1
uni 31849 31829 202.09 1
uni 31871 31849 67.59 1
uni 31886 31837 68.18 1
uni 48797 31871 222.89 1
uni 31818 31995 16.57 1
uni 31905 31892 63.45 1
uni 31947 31886 55.92 1
uni 31951 31905 222.89 1
uni 31965 31951 11.17 1
uni 31837 31972 185.18 1
uni 31983 31965 77.04 1
uni 31972 31983 222.89 1
uni 31991 31837 198.07 1
uni 31995 32005 211.32 1
uni 32004 31991 222.89 1
uni 32005 32004 222.89 1
uni 32006 31947 222.89 1
uni 32057 32006 184.75 1
uni 32144 32057 32.17 1
uni 31837 32165 93.83 1
uni 32211 32144 203.24 1
uni 32165 32253 61.63 1
uni 32288 32211 128.52 1
uni 32353 32288 222.89 1
uni 32518 32353 15.08 1
uni 32253 32518 185.19 1
uni 32619 32518 222.89 1
uni 32709 32619 150.58 1
uni 32518 32733 149.81 1
uni 32815 32735 222.89 1
uni 32885 32709 110.96 1
uni 32733 32885 222.89 1
uni 32887 32815 165.94 1
uni 32887 47103 222.89 1
bi 32735 47103 164.99 1
uni 31892 48797 136.57 1
bi 31833 31492 188.61 1
bi 31840 31794 51.89 1
bi 31850 31818 206.38 1
bi 31840 31850 222.89 1
bi 31853 31752 94.64 1
bi 31833 31853 222.89 1
bi 31902 31840 95.10 1
bi 31913 31850 26.74 1
bi 31902 31913 153.34 1
bi 31920 51511 222.89 1
bi 31930 31995 222.89 1
bi 31913 31930 69.08 1
bi 31931 31853 222.89 1
bi 31920 31931 202.45 1
bi 31936 31920 68.24 1
bi 31937 31766 217.28 1
bi 31931 31937 222.89 1
bi 31941 31902 153.25 1
bi 31937 31941 112.72 1
bi 31973 31941 222.89 1
bi 31973 31982 32.29 1
bi 31981 31913 92.66 1
bi 31982 31981 136.52 1
bi 31984 31833 222.89 1
bi 31994 31930 113.99 1
bi 31981 31994 34.43 1
bi 32011 31931 204.33 1
bi 31984 32011 198.06 1
bi 32035 31973 209.08 1
bi 32041 31982 222.89 1
bi 32035 32041 81.23 1
bi 32044 31981 211.32 1
bi 32041 32044 28.41 1
bi 32046 31994 192.72 1
bi 32044 32046 107.04 1
bi 32068 32011 121.24 1
bi 32072 31937 222.89 1
bi 32068 32072 222.89 1
bi 32086 32035 222.89 1
bi 32072 32086 222.89 1
bi 32095 32041 207.38 1
bi 32086 32095 222.89 1
bi 32101 32044 117.76 1
bi 32095 32101 54.86 1
bi 32106 32005 76.11 1
bi 32107 32046 222.89 1
bi 32101 32107 37.14 1
bi 32119 32004 90.21 1
bi 32106 32119 39.28 1
bi 32125 31984 222.89 1
bi 32136 31991 222.89 1
bi 32119 32136 222.89 1
bi 32138 32068 141.09 1
bi 32139 32138 65.65 1
bi 32148 51522 222.89 1
bi 32136 32148 60.92 1
bi 32148 32165 174.00 1
bi 32166 32086 222.89 1
bi 32173 32095 111.76 1
bi 32166 32173 222.89 1
bi 32177 32101 75.23 1
bi 32173 32177 222.89 1
bi 32188 32107 40.08 1
bi 32177 32188 204.55 1
bi 32199 32106 47.40 1
bi 32216 32256 163.27 1
bi 32217 32139 222.89 1
bi 32226 32138 210.77 1
bi 32217 32226 63.81 1
bi 32240 32072 222.89 1
bi 32243 32166 222.89 1
bi 32240 32243 196.05 1
bi 32243 32248 222.89 1
bi 32247 32173 71.96 1
bi 32248 32247 222.89 1
bi 32199 32253 222.89 1
bi 32255 32199 114.07 1
bi 32256 32255 149.13 1
bi 32263 32177 222.89 1
bi 32247 32263 222.89 1
bi 32263 32271 222.89 1
bi 32270 32188 55.39 1
bi 32271 32270 222.89 1
bi 32303 32217 92.30 1
bi 32304 51531 222.89 1
bi 32303 32304 80.07 1
bi 32308 51533 222.89 1
bi 32311 32226 222.89 1
bi 32308 32311 222.89 1
bi 32314 32304 222.89 1
bi 32317 32308 222.89 1
bi 32323 32248 146.51 1
bi 32332 32263 222.89 1
bi 32323 32332 186.19 1
bi 32341 32271 95.03 1
bi 32332 32341 60.12 1
bi 32344 32270 147.17 1
bi 32341 32344 222.89 1
bi 32393 32303 192.65 1
bi 32405 32311 222.89 1
bi 32393 32405 25.41 1
bi 32408 32240 74.56 1
bi 32405 32408 222.89 1
bi 32409 32243 222.89 1
bi 32408 32409 180.08 1
bi 32413 32323 150.00 1
bi 32409 32413 15.06 1
bi 32413 32421 208.94 1
bi 32420 32332 96.92 1
bi 32421 32420 222.89 1
bi 32420 32425 222.89 1
bi 32424 32341 202.33 1
bi 32425 32424 217.58 1
bi 32430 32344 80.26 1
bi 32424 32430 222.89 1
bi 32434 32256 222.89 1
bi 32430 32434 222.89 1
bi 32440 51539 66.51 1
bi 32434 32440 78.74 1
bi 32449 51540 131.96 1
bi 32440 32449 222.89 1
bi 32460 32255 106.84 1
bi 32449 32460 222.89 1
bi 32460 32490 222.89 1
bi 32475 32393 71.00 1
bi 32481 51542 222.89 1
bi 32475 32481 134.16 1
bi 32482 51543 222.89 1
bi 32485 32405 222.89 1
bi 32482 32485 222.89 1
bi 32490 32501 88.71 1
bi 32494 32481 220.70 1
bi 32496 32482 222.89 1
bi 32497 32421 162.42 1
bi 32501 32519 211.76 1
bi 32506 32420 20.02 1
bi 32497 32506 131.71 1
bi 32513 32424 183.48 1
bi 32517 32430 222.89 1
bi 32513 32517 133.80 1
bi 32519 32518 222.89 1
bi 32554 32475 222.89 1
bi 32554 32560 222.89 1
bi 32559 32485 80.69 1
bi 32560 32559 142.06 1
bi 32562 32408 147.26 1
bi 32559 32562 129.98 1
bi 32565 32409 222.89 1
bi 32562 32565 86.24 1
bi 32569 32413 98.02 1
bi 32565 32569 116.17 1
bi 32574 32497 164.09 1
bi 32569 32574 72.75 1
bi 32583 32506 176.52 1
bi 32574 32583 201.32 1
bi 32585 32425 222.89 1
bi 32583 32585 60.89 1
bi 32591 32513 171.74 1
bi 32585 32591 63.78 1
bi 32603 32517 222.89 1
bi 32591 32603 41.30 1
bi 32657 32490 88.67 1
bi 32658 32657 222.89 1
bi 32657 51553 48.82 1
bi 32660 32565 222.89 1
bi 32668 32574 153.47 1
bi 32660 32668 222.89 1
bi 32672 32583 126.93 1
bi 32668 32672 199.82 1
bi 32673 32434 167.19 1
bi 32676 32519 222.89 1
bi 32677 32676 32.27 1
bi 32678 32591 70.20 1
bi 32672 32678 169.29 1
bi 32676 51556 222.89 1
bi 32684 32603 222.89 1
bi 32678 32684 210.17 1
bi 32700 32460 222.89 1
bi 32673 32700 222.89 1
bi 32700 32719 13.34 1
bi 32718 32501 92.16 1
bi 32719 32718 222.89 1
bi 32718 32734 222.89 1
bi 32722 32562 130.48 1
bi 32724 32660 222.89 1
bi 32722 32724 222.89 1
bi 32729 32722 222.89 1
bi 32729 32559 102.74 1
bi 32734 32733 222.08 1
bi 32735 32554 222.89 1
bi 32739 32668 52.51 1
bi 32724 32739 222.89 1
bi 32740 32560 222.89 1
bi 32735 32740 222.89 1
bi 32740 32729 56.42 1
bi 32742 32672 222.89 1
bi 32739 32742 222.89 1
bi 32746 32678 182.51 1
bi 32742 32746 222.89 1
bi 32751 32684 30.37 1
bi 32746 32751 222.89 1
bi 32763 32722 222.89 1
bi 32769 32739 147.28 1
bi 32773 51563 76.30 1
bi 32776 32700 222.89 1
bi 32777 32776 218.03 1
bi 32794 51566 56.70 1
bi 32811 51567 222.89 1
bi 32811 32729 184.43 1
bi 32812 51563 70.51 1
bi 32819 32742 48.54 1
bi 32812 32819 170.95 1
bi 32815 32811 222.89 1
bi 32823 51566 209.70 1
bi 32826 32751 144.88 1
bi 32823 32826 182.03 1
bi 32850 32773 202.16 1
bi 32852 32812 222.89 1
bi 32850 32852 222.89 1
bi 32858 32794 146.88 1
bi 32860 32823 222.89 1
bi 32858 32860 208.04 1
bi 32892 32811 222.89 1
bi 32887 32892 222.89 1
bi 32895 51567 187.73 1
bi 32892 32895 222.89 1
bi 32896 32885 222.89 1
bi 32896 32734 124.03 1
bi 32897 32724 156.65 1
bi 32895 32897 222.89 1
bi 32901 32852 222.89 1
bi 32897 32901 102.66 1
bi 32902 32896 134.00 1
bi 32902 32719 152.04 1
bi 32910 32819 222.89 1
bi 32901 32910 192.23 1
bi 32912 32902 114.00 1
bi 32912 32776 222.89 1
bi 32913 32860 222.89 1
bi 32910 32913 79.96 1
bi 32917 32826 117.71 1
bi 32913 32917 78.67 1
bi 32917 32912 54.58 1
bi 32440 52814 222.89 1
bi 32125 32139 222.89 1
bi 31995 48797 27.73 1
bi 48797 31995 222.89 1
LISTA_ARISTAS_NOREQ :
CORDENADAS_NODOS :
1 1
1 1
1 1
1 1
1 1
1 1
1 1
1 1
1 1
1 1
1 1
1 1
1 1
1 1
1 1
1 1
1 1
1 1
1 1
1 1
1 1
1 1
1 1
1 1
1 1
1 1
1 1
1 1
1 1
1 1
1 1
1 1
1 1
1 1
1 1
1 1
1 1
1 1
1 1
1 1
1 1
1 1
1 1
1 1
1 1
1 1
1 1
1 1
1 1
1 1
1 1
1 1
1 1
1 1
1 1
1 1
1 1
1 1
1 1
1 1
1 1
1 1
1 1
1 1
1 1
1 1
1 1
1 1
1 1
1 1
1 1
1 1
1 1
1 1
1 1
1 1
1 1
1 1
1 1
1 1
1 1
1 1
1 1
1 1
1 1
1 1
1 1
1 1
1 1
1 1
1 1
1 1
1 1
1 1
1 1
1 1
1 1
1 1
1 1
1 1
1 1
1 1
1 1
1 1
1 1
1 1
1 1
1 1
1 1
1 1
1 1
1 1
1 1
1 1
1 1
1 1
1 1
1 1
1 1
1 1
1 1
1 1
1 1
1 1
1 1
1 1
1 1
1 1
1 1
1 1
1 1
1 1
1 1
1 1
1 1
1 1
1 1
1 1
1 1
1 1
1 1
1 1
1 1
1 1
1 1
1 1
1 1
1 1
1 1
1 1
1 1
1 1
1 1
1 1
1 1
1 1
1 1
1 1
1 1
1 1
1 1
1 1
1 1
1 1
1 1
1 1
1 1
1 1
1 1
1 1
1 1
1 1
1 1
1 1
1 1
1 1
1 1
1 1
1 1
1 1
1 1
1 1
1 1
1 1
1 1
1 1
1 1
1 1
1 1
1 1
1 1
1 1
1 1
1 1
1 1
1 1
1 1
1 1
1 1
1 1
1 1
1 1
1 1
1 1
RESTRICCIONES :
NODOS_INICIALES:
31837
NODOS_TERMINO:
31492