ampl: reset;
ampl: reset;
ampl: reset;
ampl: include 'C:\Users\hp\SCRIPTS AMPL\chino.run';
CPLEX 22.1.1.0: optimal integer solution; objective 10755.5
443 MIP simplex iterations
0 branch-and-bound nodes
7001 7000 =  2
7162 7161 =  2
7161 7163 =  2
7173 7171 =  2
7171 7172 =  1
7183 7181 =  1
7181 7182 =  2
7193 7192 =  1
7193 7191 =  1
7203 7202 =  1
7202 7201 =  1
7213 7211 =  1
7215 7214 =  1
7561 7563 =  1
7566 7562 =  1
7551 7553 =  1
7556 7552 =  1
7542 7543 =  1
7546 7541 =  1
7531 7533 =  1
7533 7532 =  1
7521 7523 =  1
7526 7522 =  1
7512 7511 =  1
7524 7525 =  1
7492 7493 =  2
7491 7492 =  1
7483 7481 =  1
7412 7411 =  1
7402 7401 =  1
7401 7403 =  1
7326 7327 =  1
7325 7326 =  1
7328 7326 =  1
7321 7328 =  1
7321 7323 =  1
7324 7321 =  1
7315 7316 =  1
7318 7317 =  1
7317 7315 =  1
7312 7314 =  1
7312 7313 =  1
7313 7311 =  1
7301 7302 =  1
7302 7303 =  2
7304 7302 =  1
7305 7306 =  1
7306 7307 =  1
7433 7432 =  1
7431 7433 =  1
7443 7442 =  1
7441 7443 =  2
7447 7441 =  1
7445 7444 =  1
7453 7452 =  1
7451 7453 =  2
7457 7451 =  1
7462 7463 =  1
7467 7462 =  1
7461 7462 =  1
7471 7473 =  1
7473 7474 =  1
7477 7472 =  1
7475 7476 =  1
7245 7247 =  1
7241 7244 =  2
7244 7243 =  1
7223 7222 =  1
7221 7222 =  1
7233 7231 =  1
7232 7233 =  1
7251 7252 =  1
7254 7253 =  1
7264 7261 =  1
7262 7263 =  1
7271 7272 =  1
7282 7283 =  1
7153 7151 =  1
7143 7142 =  1
7131 7133 =  1
7122 7123 =  1
7126 7121 =  1
7124 7125 =  1
7003 7004 =  1
7002 7003 =  1
7012 7011 =  1
7011 7013 =  1
7016 7011 =  1
7014 7015 =  1
7112 7111 =  1
7111 7113 =  1
7101 7102 =  1
7092 7093 =  1
7083 7081 =  1
7082 7083 =  1
7023 7021 =  1
7022 7036 =  1
7040 7038 =  1
7037 7039 =  1
7025 7033 =  1
7031 7032 =  1
7034 7035 =  1
7044 7045 =  1
7027 7041 =  1
7042 7043 =  1
7052 7051 =  1
7061 7062 =  1
7061 7063 =  1
7342 7343 =  1
7343 7341 =  2
7355 7357 =  1
7368 7369 =  1
7366 7365 =  1
7071 7073 =  1
7073 7072 =  1
7074 7073 =  1
7334 7331 =  1
7333 7332 =  1
7336 7337 =  1
7424 7425 =  1
7421 7423 =  1
7422 7421 =  2
7426 7422 =  1
7564 7565 =  1
7554 7555 =  1
7544 7545 =  1
7501 7503 =  1
7454 7455 =  1
7464 7465 =  1
7351 7353 =  1
7292 7293 =  1
7000 7162 =  2
7163 7173 =  2
7172 7183 =  1
7182 7193 =  2
7192 7203 =  1
7201 7213 =  1
7214 7561 =  1
7562 7551 =  1
7552 7542 =  1
7541 7531 =  1
7532 7521 =  1
7522 7512 =  1
7523 7524 =  1
7525 7526 =  1
7493 7501 =  1
7481 7491 =  1
7473 7482 =  1
7482 7473 =  1
7411 7483 =  1
7413 7401 =  1
7401 7413 =  1
7326 7402 =  1
7433 7306 =  1
7306 7433 =  1
7443 7431 =  1
7442 7445 =  1
7444 7447 =  1
7453 7441 =  1
7462 7451 =  1
7472 7461 =  1
7474 7475 =  1
7476 7477 =  1
7211 7221 =  1
7231 7223 =  1
7202 7233 =  1
7233 7202 =  1
7252 7232 =  1
7222 7241 =  2
7244 7251 =  1
7253 7292 =  1
7293 7262 =  1
7261 7254 =  1
7263 7271 =  1
7273 7281 =  1
7281 7273 =  1
7283 7153 =  1
7151 7143 =  1
7133 7122 =  1
7123 7124 =  1
7125 7126 =  1
7004 7001 =  1
7013 7014 =  1
7015 7016 =  1
7113 7012 =  1
7103 7111 =  1
7111 7103 =  1
7093 7101 =  1
7083 7091 =  1
7091 7083 =  1
7081 7304 =  1
7036 7023 =  1
7039 7040 =  1
7038 7022 =  1
7033 7037 =  1
7032 7034 =  1
7035 7025 =  1
7041 7031 =  1
7043 7044 =  1
7045 7027 =  1
7051 7042 =  1
7063 7052 =  1
7341 7061 =  2
7353 7342 =  1
7369 7366 =  1
7073 7082 =  1
7021 7071 =  1
7072 7334 =  1
7314 7336 =  1
7337 7333 =  1
7311 7321 =  1
7327 7318 =  1
7316 7305 =  1
7303 7312 =  2
7432 7422 =  1
7423 7424 =  1
7425 7426 =  1
7332 7324 =  1
7062 7074 =  1
7331 7343 =  1
7323 7351 =  1
7357 7325 =  1
7243 7301 =  1
7307 7245 =  1
7247 7215 =  1
7563 7564 =  1
7565 7566 =  1
7553 7554 =  1
7555 7556 =  1
7543 7544 =  1
7545 7546 =  1
7533 7502 =  1
7502 7533 =  1
7503 7471 =  1
7511 7492 =  1
7452 7454 =  1
7455 7457 =  1
7463 7464 =  1
7465 7467 =  1
7365 7355 =  1
7403 7368 =  1
7011 7002 =  1
7121 7112 =  1
7102 7131 =  1
7142 7092 =  1
7161 7152 =  1
7152 7161 =  1
7171 7282 =  1
7272 7181 =  1
7191 7264 =  1
7421 7412 =  1
t [*] :=
7000 0   7042 0   7123 0   7203 0   7264 0   7323 0   7402 0   7462 0   7524 0
7001 0   7043 0   7124 0   7211 0   7271 0   7324 0   7403 0   7463 0   7525 0
7002 0   7044 0   7125 0   7212 0   7272 0   7325 0   7411 0   7464 0   7526 0
7003 0   7045 0   7126 0   7213 0   7273 0   7326 0   7412 0   7465 0   7531 0
7004 0   7051 0   7131 0   7214 0   7281 0   7327 0   7413 0   7467 0   7532 0
7011 0   7052 0   7132 0   7215 0   7282 0   7328 0   7421 0   7471 0   7533 0
7012 0   7061 0   7133 0   7216 0   7283 0   7331 0   7422 0   7472 0   7541 0
7013 0   7062 0   7141 0   7221 0   7292 0   7332 0   7423 0   7473 0   7542 0
7014 0   7063 0   7142 0   7222 0   7293 0   7333 0   7424 0   7474 0   7543 0
7015 0   7071 0   7143 0   7223 0   7301 0   7334 0   7425 0   7475 0   7544 0
7016 0   7072 0   7151 0   7231 0   7302 0   7336 0   7426 0   7476 0   7545 0
7021 0   7073 0   7152 0   7232 0   7303 0   7337 0   7431 0   7477 0   7546 0
7022 0   7074 0   7153 0   7233 0   7304 0   7341 0   7432 0   7481 0   7551 0
7023 0   7081 0   7161 0   7241 0   7305 0   7342 0   7433 0   7482 0   7552 0
7025 0   7082 0   7162 0   7242 0   7306 0   7343 0   7441 0   7483 0   7553 0
7027 0   7083 0   7163 0   7243 0   7307 0   7351 0   7442 0   7491 0   7554 0
7031 0   7091 0   7171 0   7244 0   7308 0   7352 0   7443 0   7492 0   7555 0
7032 0   7092 0   7172 0   7245 0   7311 0   7353 0   7444 0   7493 1   7556 0
7033 0   7093 0   7173 0   7246 0   7312 0   7354 0   7445 0   7501 0   7561 0
7034 0   7101 0   7181 0   7247 0   7313 0   7355 0   7447 0   7502 0   7562 0
7035 0   7102 0   7182 0   7251 0   7314 0   7356 0   7451 0   7503 0   7563 0
7036 0   7103 0   7183 0   7252 0   7315 0   7357 0   7452 0   7511 0   7564 0
7037 0   7111 0   7191 0   7253 0   7316 0   7365 0   7453 0   7512 0   7565 0
7038 0   7112 0   7192 0   7254 0   7317 0   7366 0   7454 0   7513 0   7566 0
7039 0   7113 0   7193 0   7261 0   7318 0   7368 0   7455 0   7521 0
7040 0   7121 0   7201 0   7262 0   7321 0   7369 0   7457 0   7522 0
7041 0   7122 0   7202 0   7263 0   7322 0   7401 0   7461 0   7523 0
;

s [*] :=
7000 0   7042 0   7123 0   7203 0   7264 0   7323 0   7402 0   7462 0   7524 0
7001 1   7043 0   7124 0   7211 0   7271 0   7324 0   7403 0   7463 0   7525 0
7002 0   7044 0   7125 0   7212 0   7272 0   7325 0   7411 0   7464 0   7526 0
7003 0   7045 0   7126 0   7213 0   7273 0   7326 0   7412 0   7465 0   7531 0
7004 0   7051 0   7131 0   7214 0   7281 0   7327 0   7413 0   7467 0   7532 0
7011 0   7052 0   7132 0   7215 0   7282 0   7328 0   7421 0   7471 0   7533 0
7012 0   7061 0   7133 0   7216 0   7283 0   7331 0   7422 0   7472 0   7541 0
7013 0   7062 0   7141 0   7221 0   7292 0   7332 0   7423 0   7473 0   7542 0
7014 0   7063 0   7142 0   7222 0   7293 0   7333 0   7424 0   7474 0   7543 0
7015 0   7071 0   7143 0   7223 0   7301 0   7334 0   7425 0   7475 0   7544 0
7016 0   7072 0   7151 0   7231 0   7302 0   7336 0   7426 0   7476 0   7545 0
7021 0   7073 0   7152 0   7232 0   7303 0   7337 0   7431 0   7477 0   7546 0
7022 0   7074 0   7153 0   7233 0   7304 0   7341 0   7432 0   7481 0   7551 0
7023 0   7081 0   7161 0   7241 0   7305 0   7342 0   7433 0   7482 0   7552 0
7025 0   7082 0   7162 0   7242 0   7306 0   7343 0   7441 0   7483 0   7553 0
7027 0   7083 0   7163 0   7243 0   7307 0   7351 0   7442 0   7491 0   7554 0
7031 0   7091 0   7171 0   7244 0   7308 0   7352 0   7443 0   7492 0   7555 0
7032 0   7092 0   7172 0   7245 0   7311 0   7353 0   7444 0   7493 0   7556 0
7033 0   7093 0   7173 0   7246 0   7312 0   7354 0   7445 0   7501 0   7561 0
7034 0   7101 0   7181 0   7247 0   7313 0   7355 0   7447 0   7502 0   7562 0
7035 0   7102 0   7182 0   7251 0   7314 0   7356 0   7451 0   7503 0   7563 0
7036 0   7103 0   7183 0   7252 0   7315 0   7357 0   7452 0   7511 0   7564 0
7037 0   7111 0   7191 0   7253 0   7316 0   7365 0   7453 0   7512 0   7565 0
7038 0   7112 0   7192 0   7254 0   7317 0   7366 0   7454 0   7513 0   7566 0
7039 0   7113 0   7193 0   7261 0   7318 0   7368 0   7455 0   7521 0
7040 0   7121 0   7201 0   7262 0   7321 0   7369 0   7457 0   7522 0
7041 0   7122 0   7202 0   7263 0   7322 0   7401 0   7461 0   7523 0
;

Z = 10755.5

ampl: 