ampl: reset;
ampl: reset;
ampl: reset;
ampl: include 'C:\Users\hp\SCRIPTS AMPL\chino.run';
CPLEX 22.1.1.0: optimal integer solution; objective 4231.283
100 MIP simplex iterations
0 branch-and-bound nodes
4001 4253 =  2
4252 4243 =  1
4242 4231 =  1
4231 4242 =  1
4221 4233 =  1
4223 4212 =  1
4212 4211 =  1
4211 4223 =  1
4013 4003 =  1
4023 4014 =  1
4022 4031 =  1
4031 4041 =  1
4041 4022 =  1
4053 4021 =  1
4052 4061 =  1
4061 4071 =  1
4071 4052 =  1
4081 4051 =  1
4083 4091 =  1
4091 4101 =  1
4101 4083 =  1
4111 4082 =  1
4113 4121 =  1
4121 4131 =  1
4131 4113 =  1
4141 4112 =  1
4143 4151 =  1
4151 4161 =  1
4161 4143 =  1
4173 4461 =  1
4461 4462 =  1
4462 4173 =  1
4171 4142 =  1
4181 4172 =  1
4201 4193 =  1
4192 4182 =  2
4401 4262 =  1
4272 4381 =  1
4382 4402 =  1
4263 4273 =  2
4303 4311 =  1
4311 4321 =  1
4321 4303 =  1
4304 4351 =  1
4351 4304 =  1
4291 4301 =  1
4301 4291 =  1
4363 4371 =  1
4281 4411 =  1
4183 4222 =  1
4232 4191 =  1
4241 4202 =  1
4251 4261 =  1
4271 4282 =  1
4292 4283 =  1
4372 4293 =  1
4412 4353 =  1
4302 4331 =  1
4331 4341 =  1
4341 4302 =  1
4352 4361 =  1
4243 4242 =  1
4242 4241 =  1
4253 4252 =  1
4253 4251 =  1
4231 4232 =  1
4233 4231 =  1
4223 4221 =  1
4222 4223 =  1
4014 4013 =  1
4022 4023 =  1
4021 4022 =  1
4052 4053 =  1
4051 4052 =  1
4083 4081 =  1
4082 4083 =  1
4113 4111 =  1
4112 4113 =  1
4143 4141 =  1
4142 4143 =  1
4173 4171 =  1
4172 4173 =  1
4181 4183 =  1
4182 4181 =  2
4202 4201 =  1
4191 4192 =  2
4193 4191 =  1
4381 4382 =  1
4402 4401 =  1
4261 4262 =  1
4262 4263 =  2
4273 4272 =  1
4273 4271 =  1
4003 4001 =  2
4353 4351 =  1
4351 4352 =  1
4293 4292 =  1
4371 4372 =  1
4361 4363 =  1
4282 4281 =  2
4283 4282 =  1
4411 4412 =  1
t [*] :=
4001 0   4041 0   4111 0   4172 0   4212 0   4252 0   4291 0   4351 0   4392 0
4002 0   4051 0   4112 0   4173 0   4221 0   4253 0   4292 0   4352 0   4393 0
4003 0   4052 0   4113 0   4181 0   4222 0   4261 0   4293 0   4353 0   4401 0
4011 0   4053 0   4121 0   4182 0   4223 0   4262 0   4301 0   4361 0   4402 0
4012 0   4061 0   4131 0   4183 0   4231 0   4263 0   4302 0   4362 0   4411 0
4013 0   4071 0   4141 0   4191 0   4232 0   4271 0   4303 0   4363 0   4412 0
4014 0   4081 0   4142 0   4192 0   4233 0   4272 0   4304 0   4371 0   4461 0
4021 0   4082 0   4143 0   4193 0   4241 0   4273 0   4311 0   4372 0   4462 0
4022 0   4083 0   4151 0   4201 0   4242 0   4281 1   4321 0   4381 0
4023 0   4091 0   4161 0   4202 0   4243 0   4282 0   4331 0   4382 0
4031 0   4101 0   4171 0   4211 0   4251 0   4283 0   4341 0   4391 0
;

s [*] :=
4001 0   4041 0   4111 0   4172 0   4212 0   4252 0   4291 0   4351 0   4392 0
4002 0   4051 0   4112 0   4173 0   4221 0   4253 0   4292 0   4352 0   4393 0
4003 1   4052 0   4113 0   4181 0   4222 0   4261 0   4293 0   4353 0   4401 0
4011 0   4053 0   4121 0   4182 0   4223 0   4262 0   4301 0   4361 0   4402 0
4012 0   4061 0   4131 0   4183 0   4231 0   4263 0   4302 0   4362 0   4411 0
4013 0   4071 0   4141 0   4191 0   4232 0   4271 0   4303 0   4363 0   4412 0
4014 0   4081 0   4142 0   4192 0   4233 0   4272 0   4304 0   4371 0   4461 0
4021 0   4082 0   4143 0   4193 0   4241 0   4273 0   4311 0   4372 0   4462 0
4022 0   4083 0   4151 0   4201 0   4242 0   4281 0   4321 0   4381 0
4023 0   4091 0   4161 0   4202 0   4243 0   4282 0   4331 0   4382 0
4031 0   4101 0   4171 0   4211 0   4251 0   4283 0   4341 0   4391 0
;

Z = 4231.28

ampl: 