31837
32165
32253
32199
32255
32199
32255
32199
32106
32119
32106
32199
32255
32256
32216
32256
32216
32256
32434
32440
32434
32430
32344
32270
32188
32270
32344
32430
32344
32430
32434
32440
32449
32460
32490
32657
51553
32657
32658
32657
51553
32657
32658
32657
32490
32460
32449
32440
32449
51540
32449
32440
32434
32440
32449
32440
52814
32440
51539
32440
52814
32440
52814
32440
32434
32430
32517
32603
32684
32603
32517
32430
32344
32270
32344
32270
32188
32107
32188
32270
32188
32107
32046
31994
31930
31994
32046
32107
32046
31994
31930
31995
31930
31995
48797
31995
48797
31995
31930
31995
31930
31994
32046
32107
32188
32107
32188
32270
32344
32430
32517
32430
32434
32673
32700
32719
32718
32719
32700
32719
32718
32734
32718
32719
32902
32912
32776
32700
32673
32434
32440
51539
32440
32449
32460
32490
32501
32519
32518
32519
32501
32490
32460
32700
32776
32912
32917
32826
32751
32826
32751
32684
32751
32684
32751
32826
32917
32826
32917
32912
32902
32896
32885
32896
32902
32896
32734
32718
32719
32718
32719
32718
32501
32718
32734
32733
32734
32733
32885
32896
32885
32709
32619
32518
32353
32288
32211
32144
32057
32006
31947
31886
31837
31972
31983
31965
31951
31905
31892
48797
31995
48797
31995
31930
31995
48797
31995
32005
32106
32119
32136
32119
32106
32199
32106
32005
32004
31991
32136
32148
32165
32148
32136
32119
32004
32119
32136
32119
32106
32199
32253
32518
32733
32734
32733
32885
32709
32619
32518
32519
32676
51556
32676
32677
32676
32677
32676
32519
32501
32718
32501
32490
32657
51553
32657
32658
32657
51553
32657
32658
32657
51553
32657
32658
32657
32490
32501
32519
32501
32490
32657
32490
32460
32449
32440
32434
32256
32216
32256
32216
32256
32434
32256
32255
32460
32255
32199
32255
32199
32106
32005
32106
32119
32136
31991
32136
32148
32165
32253
32518
32353
32288
32211
32144
32057
32006
31947
31886
31837
31972
31983
31965
31951
31905
31892
48797
31995
32005
32004
32119
32136
31991
31837
32165
32148
51522
32148
51522
32148
32165
32253
32199
32253
32518
32519
32518
32733
32734
32718
32734
32896
32885
32896
32902
32912
32902
32719
32902
32896
32902
32912
32902
32719
32700
32776
32777
32776
32700
32460
32449
51540
32449
32460
32700
32460
32255
32460
32490
32501
32519
32676
51556
32676
51556
32676
51556
32676
32677
32676
51556
32676
32519
32518
32353
32288
32211
32144
32057
32006
31947
31886
31837
31972
31983
31965
